20190412135505 5.9225 2.57
20190412135506 6.0375 2.47
20190412135507 5.75 2.46
20190412135508 5.98 2.43
20190412135509 5.6925 2.45
20190412135510 5.865 2.5
20190412135511 5.8075 2.5
20190412135513 5.75 2.48
20190412135514 6.0375 2.47
20190412135515 5.98 2.46
20190412135516 5.9225 2.46
20190412135517 5.865 2.48
20190412135518 5.865 2.47
20190412135519 6.1525 2.61
20190412135520 6.3825 2.46
20190412135521 5.8075 2.5
20190412135522 6.0375 2.54
20190412135523 5.9225 2.46
20190412135524 5.9225 2.5
20190412135525 5.865 2.46
20190412135526 5.865 2.41
20190412135527 6.0375 2.5
20190412135528 5.865 2.52
20190412135529 5.98 2.5
20190412135530 5.865 2.55
20190412135532 5.9225 2.51
20190412135533 6.0375 2.45
20190412135534 5.865 2.46
20190412135535 5.865 2.47
20190412135536 5.865 2.49
20190412135537 5.9225 2.49
20190412135538 5.9225 2.48
20190412135539 5.98 2.47
20190412135540 5.8075 2.47
20190412135541 5.98 2.47
20190412135542 5.8075 2.48
20190412135543 5.865 2.48
20190412135544 5.9225 2.48
20190412135545 5.865 2.47
20190412135546 5.9225 2.47
20190412135547 5.98 2.47
20190412135548 5.9225 2.47
20190412135549 5.98 2.48
20190412135551 5.8075 2.48
20190412135552 5.865 2.48
20190412135553 5.9225 2.47
20190412135554 5.865 2.47
20190412135555 5.9225 2.47
20190412135556 5.8075 2.47
20190412135557 5.9225 2.47
20190412135558 5.98 2.48
20190412135559 5.8075 2.47
20190412135600 5.8075 2.47
20190412135601 6.0375 2.47
20190412135602 5.865 2.47
20190412135603 5.865 2.47
20190412135604 5.75 2.48
20190412135605 5.865 2.47
20190412135606 5.98 2.47
20190412135607 5.865 2.47
20190412135608 5.8075 2.47
20190412135610 5.98 2.47
20190412135611 5.865 2.47
20190412135612 5.8075 2.47
20190412135613 5.865 2.47
20190412135614 5.9225 2.47
20190412135615 5.98 2.47
20190412135616 5.75 2.47
20190412135617 5.9225 2.47
20190412135618 5.98 2.47
20190412135619 5.75 2.47
20190412135620 5.865 2.47
20190412135621 5.8075 2.47
20190412135622 5.9225 2.47
20190412135623 5.865 2.46
20190412135624 5.75 2.47
20190412135625 5.98 2.47
20190412135626 5.865 2.47
20190412135627 5.8075 2.47
20190412135629 5.9225 2.47
20190412135630 5.865 2.47
20190412135631 5.9225 2.47
20190412135632 5.8075 2.47
20190412135633 5.8075 2.47
20190412135634 5.98 2.47
20190412135635 5.8075 2.47
20190412135636 5.865 2.47
20190412135637 5.865 2.47
20190412135638 5.9225 2.47
20190412135639 5.9225 2.47
20190412135640 5.75 2.47
20190412135641 5.98 2.47
20190412135642 5.9225 2.47
20190412135643 5.8075 2.47
20190412135644 5.865 2.47
20190412135645 5.8075 2.47
20190412135646 5.9225 2.47
20190412135648 5.865 2.47
20190412135649 5.75 2.47
20190412135650 5.98 2.47
20190412135651 5.865 2.47
20190412135652 5.8075 2.47
20190412135653 5.9225 2.47
20190412135654 5.8075 2.47
20190412135655 5.9225 2.46
20190412135656 5.8075 2.46
20190412135657 5.8075 2.46
20190412135658 5.98 2.46
20190412135659 5.865 2.46
20190412135700 5.75 2.46
20190412135701 5.865 2.47
20190412135702 5.865 2.47
20190412135703 5.9225 2.47
20190412135704 5.75 2.47
20190412135705 5.9225 2.47
20190412135707 5.98 2.47
20190412135708 5.8075 2.47
20190412135709 5.98 2.46
20190412135710 5.865 2.46
20190412135711 5.865 2.46
20190412135712 5.9225 2.46
20190412135713 5.6925 2.46
20190412135714 5.9225 2.46
20190412135715 5.9225 2.47
20190412135716 5.75 2.47
20190412135717 5.98 2.47
20190412135718 5.8075 2.47
20190412135719 5.9225 2.47
20190412135720 5.8075 2.47
20190412135721 5.865 2.47
20190412135722 5.98 2.47
20190412135723 5.865 2.47
20190412135724 5.75 2.47
20190412135726 5.9225 2.47
20190412135727 5.8075 2.47
20190412135728 5.9225 2.47
20190412135729 5.8075 2.47
20190412135730 5.865 2.47
20190412135731 5.98 2.47
20190412135732 5.8075 2.47
20190412135733 5.98 2.47
20190412135734 5.8075 2.47
20190412135735 5.865 2.47
20190412135736 5.9225 2.47
20190412135737 5.865 2.47
20190412135738 5.98 2.47
20190412135739 5.865 2.47
20190412135740 5.75 2.47
20190412135741 5.9225 2.47
20190412135742 5.8075 2.47
20190412135743 5.9225 2.47
20190412135745 5.8075 2.47
20190412135746 5.865 2.47
20190412135747 5.98 2.47
20190412135748 5.8075 2.47
20190412135749 6.0375 2.47
20190412135750 5.8075 2.47
20190412135751 5.9225 2.47
20190412135752 5.865 2.47
20190412135753 5.75 2.47
20190412135754 5.98 2.47
20190412135755 5.98 2.47
20190412135756 5.75 2.47
20190412135757 5.98 2.47
20190412135758 5.8075 2.47
20190412135759 5.9225 2.47
20190412135800 5.865 2.47
20190412135801 5.865 2.47
20190412135802 5.98 2.47
20190412135804 5.9225 2.47
20190412135805 5.6925 2.47
20190412135806 5.9225 2.47
20190412135807 5.8075 2.47
20190412135808 5.9225 2.47
20190412135809 5.865 2.47
20190412135810 5.865 2.47
20190412135811 5.98 2.47
20190412135812 5.9225 2.47
20190412135813 5.98 2.47
20190412135814 5.98 2.47
20190412135815 5.75 2.47
20190412135816 5.865 2.47
20190412135817 5.98 2.47
20190412135818 5.8075 2.47
20190412135819 5.9225 2.47
20190412135820 5.9225 2.47
20190412135822 5.9225 2.47
20190412135823 5.98 2.47
20190412135824 5.8075 2.47
20190412135825 5.8075 2.47
20190412135826 6.0375 2.47
20190412135827 5.8075 2.47
20190412135828 5.865 2.47
20190412135829 5.9225 2.47
20190412135830 5.865 2.47
20190412135831 5.98 2.47
20190412135832 5.75 2.47
20190412135833 5.8075 2.47
20190412135834 5.9225 2.47
20190412135835 5.865 2.47
20190412135836 5.865 2.47
20190412135837 5.865 2.47
20190412135838 5.9225 2.47
20190412135839 5.9225 2.47
20190412135841 5.75 2.47
20190412135842 5.9225 2.47
20190412135843 5.98 2.47
20190412135844 5.8075 2.47
20190412135845 5.865 2.47
20190412135846 5.865 2.47
20190412135847 5.9225 2.47
20190412135848 5.9225 2.47
20190412135849 5.75 2.47
20190412135850 5.98 2.47
20190412135851 5.9225 2.47
20190412135852 5.75 2.47
20190412135853 5.865 2.47
20190412135854 5.865 2.47
20190412135855 5.98 2.47
20190412135856 5.8075 2.48
20190412135857 5.8075 2.47
20190412135858 5.98 2.47
20190412135900 5.9225 2.47
20190412135901 5.75 2.47
20190412135902 5.98 2.47
20190412135903 5.8075 2.47
20190412135904 5.9225 2.47
20190412135905 5.865 2.47
20190412135906 5.865 2.48
20190412135907 5.9225 2.48
20190412135908 5.865 2.48
20190412135909 5.8075 2.48
20190412135910 5.9225 2.48
20190412135911 5.8075 2.48
20190412135912 5.9225 2.48
20190412135913 5.8075 2.48
20190412135914 5.8075 2.48
20190412135915 5.98 2.48
20190412135916 5.865 2.48
20190412135917 5.98 2.48
20190412135919 5.865 2.48
20190412135920 5.865 2.48
20190412135921 5.9225 2.48
20190412135922 5.98 2.48
20190412135923 5.865 2.48
20190412135924 5.98 2.48
20190412135925 5.8075 2.48
20190412135926 5.98 2.48
20190412135927 5.865 2.48
20190412135928 5.865 2.48
20190412135929 5.9225 2.48
20190412135930 5.9225 2.48
20190412135931 5.9225 2.48
20190412135932 5.98 2.48
20190412135933 5.75 2.48
20190412135934 6.0375 2.48
20190412135935 5.8075 2.48
20190412135936 5.9225 2.48
20190412135938 5.865 2.48
20190412135939 5.865 2.48
20190412135940 5.98 2.48
20190412135941 5.865 2.48
20190412135942 5.98 2.48
20190412135943 5.865 2.48
20190412135944 5.8075 2.48
20190412135945 5.98 2.48
20190412135946 5.865 2.48
20190412135947 5.9225 2.48
20190412135948 5.98 2.48
20190412135949 5.8075 2.48
20190412135950 5.98 2.48
20190412135951 5.8075 2.48
20190412135952 5.865 2.48
20190412135953 5.865 2.48
20190412135954 5.8075 2.48
20190412135955 5.98 2.48
20190412135957 5.9225 2.48
20190412135958 5.75 2.48
20190412135959 5.865 2.48
20190412140000 5.75 2.48
20190412140001 5.9225 2.48
20190412140002 5.9225 2.48
20190412140003 5.865 2.48
20190412140004 6.0375 2.48
20190412140005 5.865 2.48
20190412140006 5.98 2.48
20190412140007 5.865 2.48
20190412140008 5.865 2.48
20190412140009 5.9225 2.48
20190412140010 5.9225 2.48
20190412140011 5.865 2.48
20190412140012 5.98 2.48
20190412140013 5.75 2.48
