20190412112645 0.9775 0.37
20190412112646 0.805 0.43
20190412112647 0.8625 0.38
20190412112648 0.8625 0.38
20190412112649 0.92 0.37
20190412112650 0.805 0.38
20190412112651 0.805 0.39
20190412112652 1.035 0.38
20190412112653 0.805 0.38
20190412112654 0.8625 0.38
20190412112655 0.805 0.38
20190412112656 0.92 0.38
20190412112657 0.9775 0.38
20190412112659 0.805 0.38
20190412112700 0.9775 0.38
20190412112701 0.8625 0.38
20190412112702 0.805 0.38
20190412112703 0.9775 0.38
20190412112704 0.92 0.38
20190412112705 0.9775 0.38
20190412112706 0.805 0.38
20190412112707 0.92 0.38
20190412112708 0.92 0.38
20190412112709 0.805 0.38
20190412112710 0.92 0.38
20190412112711 0.805 0.38
20190412112712 0.9775 0.38
20190412112713 0.8625 0.38
20190412112714 0.8625 0.38
20190412112715 0.9775 0.38
20190412112716 0.8625 0.38
20190412112718 0.8625 0.38
20190412112719 0.9775 0.38
20190412112720 0.92 0.38
20190412112721 0.92 0.38
20190412112722 0.805 0.38
20190412112723 0.9775 0.38
20190412112724 0.8625 0.38
20190412112725 0.805 0.38
20190412112726 0.9775 0.38
20190412112727 0.92 0.38
20190412112728 0.9775 0.38
20190412112729 0.805 0.38
20190412112730 0.8625 0.38
20190412112731 0.9775 0.38
20190412112732 0.7475 0.38
20190412112733 0.8625 0.38
20190412112734 0.9775 0.38
20190412112735 0.9775 0.38
20190412112737 0.8625 0.38
20190412112738 0.805 0.38
20190412112739 0.9775 0.38
20190412112740 0.8625 0.38
20190412112741 0.805 0.38
20190412112742 0.92 0.38
20190412112743 0.805 0.38
20190412112744 0.9775 0.38
20190412112745 0.805 0.38
20190412112746 0.92 0.38
20190412112747 0.8625 0.38
20190412112748 0.8625 0.37
20190412112749 0.9775 0.37
20190412112750 0.805 0.37
20190412112751 0.805 0.38
20190412112752 0.805 0.37
20190412112753 0.92 0.38
20190412112754 0.9775 0.38
20190412112756 0.805 0.37
20190412112757 0.92 0.37
20190412112758 0.8625 0.38
20190412112759 0.805 0.38
20190412112800 0.805 0.37
20190412112801 0.805 0.37
20190412112802 0.92 0.37
20190412112803 0.805 0.37
20190412112804 0.8625 0.37
20190412112805 0.9775 0.38
20190412112806 0.805 0.38
20190412112807 0.92 0.38
20190412112808 0.805 0.38
20190412112809 0.92 0.38
20190412112810 0.8625 0.38
20190412112811 0.805 0.37
20190412112812 0.92 0.38
20190412112813 0.8625 0.38
20190412112815 0.805 0.38
20190412112816 0.8625 0.38
20190412112817 0.805 0.37
20190412112818 0.9775 0.38
20190412112819 0.8625 0.38
20190412112820 0.8625 0.38
20190412112821 0.92 0.38
20190412112822 0.805 0.38
20190412112823 0.8625 0.38
20190412112824 0.7475 0.38
20190412112825 0.92 0.38
20190412112826 0.8625 0.38
20190412112827 0.805 0.37
20190412112828 0.9775 0.37
20190412112829 0.8625 0.37
20190412112830 0.805 0.37
20190412112831 0.92 0.37
20190412112832 0.92 0.37
20190412112834 0.9775 0.37
20190412112835 0.805 0.37
20190412112836 0.8625 0.37
20190412112837 0.92 0.37
20190412112838 0.805 0.37
20190412112839 0.92 0.37
20190412112840 0.805 0.37
20190412112841 0.92 0.37
20190412112842 0.8625 0.37
20190412112843 0.805 0.37
20190412112844 0.92 0.37
20190412112845 0.8625 0.37
20190412112846 0.805 0.37
20190412112847 0.92 0.37
20190412112848 0.8625 0.37
20190412112849 0.92 0.37
20190412112850 0.805 0.37
20190412112851 0.8625 0.37
20190412112853 0.92 0.37
20190412112854 0.805 0.37
20190412112855 0.92 0.37
20190412112856 0.8625 0.37
20190412112857 0.92 0.37
20190412112858 0.805 0.37
20190412112859 0.805 0.37
20190412112900 0.92 0.37
20190412112901 0.805 0.37
20190412112902 0.8625 0.37
20190412112903 0.92 0.37
20190412112904 0.92 0.37
20190412112905 0.92 0.37
20190412112906 0.805 0.37
20190412112907 0.8625 0.37
20190412112908 0.8625 0.37
20190412112909 0.805 0.37
20190412112910 0.92 0.37
20190412112912 0.8625 0.37
20190412112913 0.9775 0.37
20190412112914 0.8625 0.37
20190412112915 0.8625 0.37
20190412112916 0.92 0.37
20190412112917 0.805 0.37
20190412112918 0.92 0.37
20190412112919 0.9775 0.37
20190412112920 0.805 0.37
20190412112921 0.92 0.37
20190412112922 0.805 0.37
20190412112923 0.92 0.37
20190412112924 0.8625 0.37
20190412112925 0.805 0.37
20190412112926 0.92 0.37
20190412112927 0.805 0.37
20190412112928 0.92 0.37
20190412112929 0.7475 0.37
20190412112931 0.8625 0.37
20190412112932 0.92 0.37
20190412112933 0.805 0.37
20190412112934 0.92 0.37
20190412112935 0.805 0.37
20190412112936 0.805 0.37
20190412112937 0.8625 0.37
20190412112938 0.805 0.37
20190412112939 0.92 0.37
20190412112940 0.805 0.37
20190412112941 0.8625 0.37
20190412112942 0.9775 0.37
20190412112943 0.805 0.37
20190412112944 0.8625 0.37
20190412112945 0.805 0.37
20190412112946 0.92 0.37
20190412112947 0.92 0.37
20190412112948 0.805 0.37
20190412112950 0.9775 0.37
20190412112951 0.8625 0.37
20190412112952 0.805 0.37
20190412112953 0.805 0.37
20190412112954 0.92 0.37
20190412112955 0.9775 0.37
20190412112956 0.7475 0.37
20190412112957 0.92 0.37
20190412112958 0.92 0.37
20190412112959 0.7475 0.37
20190412113000 0.92 0.37
20190412113001 0.805 0.37
20190412113002 0.9775 0.37
20190412113003 0.8625 0.37
20190412113004 0.7475 0.37
20190412113005 0.9775 0.37
20190412113006 0.8625 0.37
20190412113007 0.805 0.37
20190412113009 0.805 0.37
20190412113010 0.8625 0.37
20190412113011 0.92 0.37
20190412113012 0.805 0.37
20190412113013 0.92 0.37
20190412113014 0.92 0.37
20190412113015 0.805 0.37
20190412113016 0.92 0.37
20190412113017 0.7475 0.37
20190412113018 0.9775 0.37
20190412113019 0.805 0.37
20190412113020 0.8625 0.37
20190412113021 0.9775 0.37
20190412113022 0.805 0.37
20190412113023 0.8625 0.37
20190412113024 0.92 0.37
20190412113025 0.92 0.37
20190412113026 0.92 0.37
20190412113028 0.7475 0.37
20190412113029 0.92 0.37
20190412113030 0.8625 0.37
20190412113031 0.805 0.37
20190412113032 0.9775 0.37
20190412113033 0.805 0.37
20190412113034 0.9775 0.37
20190412113035 0.805 0.38
20190412113036 0.92 0.38
20190412113037 0.9775 0.38
20190412113038 0.7475 0.37
20190412113039 0.92 0.37
20190412113040 0.92 0.38
20190412113041 0.9775 0.38
20190412113042 0.8625 0.38
20190412113043 0.805 0.38
20190412113044 0.9775 0.38
20190412113045 0.805 0.38
20190412113047 0.8625 0.37
20190412113048 0.8625 0.37
20190412113049 0.805 0.37
20190412113050 0.8625 0.37
20190412113051 0.805 0.37
20190412113052 0.92 0.37
20190412113053 0.805 0.37
20190412113054 0.8625 0.37
20190412113055 0.92 0.37
20190412113056 0.7475 0.37
20190412113057 0.92 0.37
20190412113058 0.805 0.37
20190412113059 0.92 0.37
20190412113100 0.805 0.37
20190412113101 0.805 0.37
20190412113102 0.9775 0.37
20190412113103 0.805 0.37
20190412113104 0.8625 0.37
20190412113106 0.805 0.37
20190412113107 0.92 0.37
20190412113108 0.92 0.37
20190412113109 0.805 0.37
20190412113110 0.9775 0.37
20190412113111 0.805 0.37
20190412113112 0.805 0.37
20190412113113 0.92 0.37
20190412113114 0.805 0.37
20190412113115 0.9775 0.37
20190412113116 0.805 0.37
20190412113117 0.92 0.37
20190412113118 0.92 0.37
20190412113119 0.805 0.37
20190412113120 0.8625 0.37
20190412113121 0.805 0.37
20190412113122 0.92 0.37
20190412113123 0.8625 0.37
20190412113125 0.805 0.37
20190412113126 0.92 0.38
20190412113127 0.8625 0.37
20190412113128 0.805 0.37
20190412113129 0.9775 0.37
20190412113130 0.805 0.37
20190412113131 0.92 0.37
20190412113132 0.805 0.37
20190412113133 0.805 0.37
20190412113134 0.92 0.37
20190412113135 0.8625 0.37
20190412113136 0.8625 0.38
20190412113137 0.805 0.38
20190412113138 0.92 0.38
20190412113139 0.92 0.38
20190412113140 0.805 0.37
20190412113141 0.92 0.37
20190412113142 0.8625 0.37
20190412113144 0.805 0.37
20190412113145 0.92 0.37
20190412113146 0.805 0.37
20190412113147 0.9775 0.37
20190412113148 0.805 0.37
20190412113149 0.8625 0.37
20190412113150 0.9775 0.37
20190412113151 0.805 0.37
