20190412134105 4.83 2.05
20190412134106 4.7725 2.0
20190412134107 4.83 2.03
20190412134108 4.83 2.03
20190412134109 4.7725 2.04
20190412134111 4.8875 2.04
20190412134112 4.945 2.04
20190412134113 4.7725 2.03
20190412134114 4.83 2.03
20190412134115 4.7725 2.04
20190412134116 4.83 2.04
20190412134117 4.83 2.04
20190412134118 4.83 2.04
20190412134119 4.8875 2.03
20190412134120 4.83 2.04
20190412134121 4.7725 2.04
20190412134122 4.83 2.04
20190412134123 4.7725 2.04
20190412134124 4.8875 2.04
20190412134125 4.7725 2.04
20190412134126 4.83 2.04
20190412134127 4.945 2.04
20190412134128 4.7725 2.04
20190412134130 4.83 2.04
20190412134131 4.83 2.04
20190412134132 4.83 2.04
20190412134133 4.83 2.04
20190412134134 4.83 2.04
20190412134135 4.945 2.04
20190412134136 4.83 2.04
20190412134137 4.7725 2.04
20190412134138 4.83 2.04
20190412134139 4.7725 2.03
20190412134140 4.8875 2.03
20190412134141 4.7725 2.03
20190412134142 4.83 2.04
20190412134143 4.945 2.03
20190412134144 4.83 2.03
20190412134145 4.715 2.03
20190412134146 4.7725 2.04
20190412134147 4.83 2.03
20190412134149 4.8875 2.04
20190412134150 4.83 2.03
20190412134151 4.83 2.03
20190412134152 4.945 2.03
20190412134153 4.715 2.03
20190412134154 4.83 2.03
20190412134155 4.715 2.03
20190412134156 4.83 2.03
20190412134157 4.8875 2.03
20190412134158 4.7725 2.03
20190412134159 4.8875 2.04
20190412134200 4.8875 2.04
20190412134201 4.715 2.04
20190412134202 4.8875 2.04
20190412134203 4.715 2.04
20190412134204 4.8875 2.03
20190412134205 4.7725 2.03
20190412134206 4.7725 2.03
20190412134208 4.8875 2.03
20190412134209 4.83 2.03
20190412134210 4.715 2.03
20190412134211 4.83 2.03
20190412134212 4.7725 2.03
20190412134213 4.8875 2.03
20190412134214 4.83 2.03
20190412134215 4.83 2.03
20190412134216 4.8875 2.03
20190412134217 4.7725 2.03
20190412134218 4.7725 2.03
20190412134219 4.7725 2.03
20190412134220 4.83 2.03
20190412134221 4.83 2.03
20190412134222 4.7725 2.03
20190412134223 4.8875 2.03
20190412134224 4.8875 2.03
20190412134225 4.715 2.03
20190412134227 4.8875 2.03
20190412134228 4.715 2.03
20190412134229 4.8875 2.03
20190412134230 4.8875 2.03
20190412134231 4.7725 2.03
20190412134232 4.945 2.03
20190412134233 4.7725 2.03
20190412134234 4.6575 2.03
20190412134235 4.7725 2.03
20190412134236 4.715 2.03
20190412134237 4.8875 2.03
20190412134238 4.8875 2.03
20190412134239 4.7725 2.03
20190412134240 4.8875 2.03
20190412134241 4.715 2.03
20190412134242 4.83 2.03
20190412134243 4.7725 2.03
20190412134244 4.715 2.03
20190412134246 4.8875 2.03
20190412134247 4.83 2.03
20190412134248 4.7725 2.02
20190412134249 4.8875 2.03
20190412134250 4.7725 2.02
20190412134251 4.945 2.03
20190412134252 4.7725 2.03
20190412134253 4.715 2.03
20190412134254 5.0025 2.02
20190412134255 4.7725 2.03
20190412134256 4.7725 2.02
20190412134257 4.8875 2.02
20190412134258 4.715 2.02
20190412134259 4.8875 2.02
20190412134300 4.7725 2.02
20190412134301 4.715 2.02
20190412134302 4.945 2.03
20190412134303 4.83 2.03
20190412134305 4.715 2.03
20190412134306 4.83 2.03
20190412134307 4.8875 2.03
20190412134308 4.83 2.03
20190412134309 4.83 2.03
20190412134310 4.7725 2.03
20190412134311 4.8875 2.03
20190412134312 4.8875 2.03
20190412134313 4.715 2.03
20190412134314 4.7725 2.03
20190412134315 4.7725 2.03
20190412134316 4.7725 2.02
20190412134317 4.83 2.02
20190412134318 4.7725 2.02
20190412134319 4.83 2.02
20190412134320 4.8875 2.02
20190412134321 4.7725 2.02
20190412134322 4.7725 2.03
20190412134324 4.83 2.02
20190412134325 4.715 2.02
20190412134326 4.83 2.02
20190412134327 4.83 2.02
20190412134328 4.7725 2.02
20190412134329 4.8875 2.02
20190412134330 4.7725 2.02
20190412134331 4.8875 2.02
20190412134332 4.83 2.02
20190412134333 4.6575 2.02
20190412134334 4.8875 2.02
20190412134335 4.8875 2.02
20190412134336 4.715 2.02
20190412134337 4.7725 2.02
20190412134338 4.83 2.02
20190412134339 4.7725 2.02
20190412134340 4.8875 2.02
20190412134341 4.6575 2.02
20190412134343 4.83 2.02
20190412134344 4.945 2.02
20190412134345 4.7725 2.02
20190412134346 4.715 2.02
20190412134347 4.945 2.02
20190412134348 4.715 2.02
20190412134349 4.83 2.02
20190412134350 4.83 2.02
20190412134351 4.715 2.02
20190412134352 4.8875 2.02
20190412134353 4.83 2.02
20190412134354 4.6575 2.02
20190412134355 4.8875 2.02
20190412134356 4.6575 2.02
20190412134357 4.7725 2.02
20190412134358 4.8875 2.02
20190412134359 4.7725 2.02
20190412134400 4.7725 2.02
20190412134402 4.8875 2.02
20190412134403 4.83 2.02
20190412134404 4.8875 2.02
20190412134405 4.715 2.02
20190412134406 4.6575 2.02
20190412134407 4.945 2.02
20190412134408 4.83 2.02
20190412134409 4.715 2.02
20190412134410 4.83 2.02
20190412134411 4.8875 2.02
20190412134412 4.83 2.02
20190412134413 4.83 2.02
20190412134414 4.715 2.02
20190412134415 4.83 2.02
20190412134416 4.8875 2.02
20190412134417 4.715 2.02
20190412134418 4.7725 2.02
20190412134419 4.6575 2.02
20190412134421 4.83 2.02
20190412134422 4.83 2.02
20190412134423 4.7725 2.02
20190412134424 4.83 2.02
20190412134425 4.83 2.02
20190412134426 4.715 2.02
20190412134427 4.83 2.01
20190412134428 4.715 2.02
20190412134429 4.7725 2.02
20190412134430 4.945 2.02
20190412134431 4.7725 2.02
20190412134432 4.7725 2.02
20190412134433 4.8875 2.02
20190412134434 4.6575 2.02
20190412134435 4.83 2.01
20190412134436 4.715 2.01
20190412134437 4.715 2.01
20190412134438 4.945 2.01
20190412134440 4.715 2.01
20190412134441 4.7725 2.01
20190412134442 4.83 2.01
20190412134443 4.7725 2.01
20190412134444 4.83 2.01
20190412134445 4.6575 2.01
20190412134446 4.715 2.01
20190412134447 4.8875 2.01
20190412134448 4.7725 2.01
20190412134449 4.7725 2.01
20190412134450 4.83 2.01
20190412134451 4.7725 2.01
20190412134452 4.83 2.01
20190412134453 4.6575 2.01
20190412134454 4.83 2.01
20190412134455 4.83 2.01
20190412134456 4.715 2.02
20190412134457 4.83 2.02
20190412134459 4.7725 2.01
20190412134500 4.7725 2.01
20190412134501 4.7725 2.01
20190412134502 4.6575 2.01
20190412134503 4.945 2.01
20190412134504 4.7725 2.01
20190412134505 4.6575 2.01
20190412134506 4.83 2.01
20190412134507 4.83 2.01
20190412134508 4.83 2.01
20190412134509 4.7725 2.01
20190412134510 4.7725 2.01
20190412134511 4.8875 2.01
20190412134512 4.7725 2.01
20190412134513 4.715 2.01
20190412134514 4.7725 2.01
20190412134515 4.7725 2.01
20190412134517 4.83 2.01
20190412134518 4.6575 2.01
20190412134519 4.8875 2.01
20190412134520 4.8875 2.01
20190412134521 4.715 2.01
20190412134522 4.7725 2.01
20190412134523 4.8875 2.01
20190412134524 4.83 2.01
20190412134525 4.7725 2.01
20190412134526 4.6575 2.01
20190412134527 4.8875 2.01
20190412134528 4.83 2.01
20190412134529 4.6575 2.01
20190412134530 4.83 2.01
20190412134531 4.83 2.01
20190412134532 4.83 2.01
20190412134533 4.7725 2.01
20190412134534 4.715 2.01
20190412134536 4.8875 2.01
20190412134537 4.7725 2.01
20190412134538 4.6575 2.01
20190412134539 4.7725 2.01
20190412134540 4.7725 2.01
20190412134541 4.83 2.01
20190412134542 4.715 2.01
20190412134543 4.715 2.01
20190412134544 4.83 2.01
20190412134545 4.7725 2.01
20190412134546 4.6575 2.01
20190412134547 4.945 2.01
20190412134548 4.715 2.01
20190412134549 4.83 2.01
20190412134550 4.715 2.01
20190412134551 4.715 2.01
20190412134552 4.8875 2.01
20190412134553 4.7725 2.01
20190412134555 4.6575 2.01
20190412134556 4.8875 2.01
20190412134557 4.715 2.01
20190412134558 4.83 2.01
20190412134559 4.83 2.01
20190412134600 4.715 2.01
20190412134601 4.83 2.01
20190412134602 4.715 2.01
20190412134603 4.7725 2.01
20190412134604 4.8875 2.01
20190412134605 4.6575 2.01
20190412134606 4.83 2.01
20190412134607 4.83 2.01
20190412134608 4.715 2.01
