20190412132911 3.5075 1.61
20190412132912 3.8525 1.56
20190412132913 3.6225 1.61
20190412132914 3.795 1.59
20190412132915 3.795 1.57
20190412132916 3.565 1.57
20190412132917 3.8525 1.56
20190412132919 3.7375 1.57
20190412132920 3.7375 1.57
20190412132921 3.68 1.57
20190412132922 3.68 1.57
20190412132923 3.8525 1.57
20190412132924 3.68 1.57
20190412132925 3.68 1.57
20190412132926 3.7375 1.57
20190412132927 3.6225 1.57
20190412132928 3.7375 1.57
20190412132929 3.6225 1.57
20190412132930 3.7375 1.57
20190412132931 3.68 1.57
20190412132932 3.68 1.57
20190412132933 3.795 1.57
20190412132934 3.6225 1.57
20190412132935 3.7375 1.57
20190412132936 3.68 1.57
20190412132938 3.795 1.57
20190412132939 3.68 1.57
20190412132940 3.6225 1.57
20190412132941 3.795 1.57
20190412132942 3.6225 1.57
20190412132943 3.68 1.57
20190412132944 3.795 1.57
20190412132945 3.7375 1.57
20190412132946 3.7375 1.57
20190412132947 3.68 1.57
20190412132948 3.795 1.57
20190412132949 3.68 1.57
20190412132950 3.68 1.57
20190412132951 3.7375 1.57
20190412132952 3.7375 1.57
20190412132953 3.7375 1.57
20190412132954 3.565 1.57
20190412132955 3.795 1.57
20190412132957 3.7375 1.57
20190412132958 3.68 1.57
20190412132959 3.795 1.57
20190412133000 3.68 1.57
20190412133001 3.795 1.57
20190412133002 3.6225 1.57
20190412133003 3.795 1.57
20190412133004 3.795 1.57
20190412133005 3.6225 1.57
20190412133006 3.7375 1.57
20190412133007 3.7375 1.57
20190412133008 3.68 1.57
20190412133009 3.7375 1.57
20190412133010 3.565 1.57
20190412133011 3.795 1.57
20190412133012 3.68 1.57
20190412133013 3.565 1.57
20190412133014 3.795 1.57
20190412133016 3.7375 1.57
20190412133017 3.7375 1.57
20190412133018 3.6225 1.57
20190412133019 3.6225 1.57
20190412133020 3.8525 1.57
20190412133021 3.68 1.57
20190412133022 3.68 1.56
20190412133023 3.7375 1.57
20190412133024 3.68 1.56
20190412133025 3.7375 1.56
20190412133026 3.565 1.57
20190412133027 3.8525 1.56
20190412133028 3.68 1.57
20190412133029 3.68 1.57
20190412133030 3.7375 1.57
20190412133031 3.6225 1.57
20190412133032 3.795 1.57
20190412133033 3.6225 1.57
20190412133035 3.7375 1.57
20190412133036 3.795 1.57
20190412133037 3.6225 1.57
20190412133038 3.795 1.57
20190412133039 3.68 1.57
20190412133040 3.7375 1.57
20190412133041 3.68 1.57
20190412133042 3.7375 1.57
20190412133043 3.795 1.56
20190412133044 3.6225 1.57
20190412133045 3.7375 1.56
20190412133046 3.7375 1.56
20190412133047 3.6225 1.56
20190412133048 3.795 1.56
20190412133049 3.6225 1.56
20190412133050 3.795 1.56
20190412133051 3.7375 1.56
20190412133052 3.68 1.56
20190412133054 3.795 1.56
20190412133055 3.6225 1.56
20190412133056 3.7375 1.56
20190412133057 3.6225 1.56
20190412133058 3.7375 1.56
20190412133059 3.68 1.56
20190412133100 3.68 1.56
20190412133101 3.795 1.56
20190412133102 3.7375 1.56
20190412133103 3.68 1.56
20190412133104 3.795 1.56
20190412133105 3.68 1.56
20190412133106 3.7375 1.56
20190412133107 3.68 1.56
20190412133108 3.7375 1.56
20190412133109 3.68 1.56
20190412133110 3.565 1.56
20190412133111 3.7375 1.56
20190412133113 3.68 1.56
20190412133114 3.7375 1.56
20190412133115 3.6225 1.56
20190412133116 3.7375 1.56
20190412133117 3.795 1.56
20190412133118 3.6225 1.56
20190412133119 3.7375 1.56
20190412133120 3.68 1.56
20190412133121 3.795 1.56
20190412133122 3.6225 1.56
20190412133123 3.7375 1.56
20190412133124 3.795 1.56
20190412133125 3.6225 1.56
20190412133126 3.68 1.56
20190412133127 3.68 1.56
20190412133128 3.6225 1.56
20190412133129 3.68 1.56
20190412133130 3.6225 1.56
20190412133132 3.7375 1.56
20190412133133 3.68 1.56
20190412133134 3.68 1.56
20190412133135 3.7375 1.55
20190412133136 3.68 1.56
20190412133137 3.7375 1.56
20190412133138 3.565 1.56
20190412133139 3.7375 1.56
20190412133140 3.68 1.55
20190412133141 3.6225 1.56
20190412133142 3.7375 1.56
20190412133143 3.565 1.55
20190412133144 3.7375 1.55
20190412133145 3.6225 1.56
20190412133146 3.7375 1.55
20190412133147 3.68 1.55
20190412133148 3.6225 1.55
20190412133149 3.795 1.55
20190412133151 3.6225 1.56
20190412133152 3.565 1.56
20190412133153 3.795 1.56
20190412133154 3.68 1.56
20190412133155 3.7375 1.56
20190412133156 3.6225 1.56
20190412133157 3.7375 1.56
20190412133158 3.7375 1.56
20190412133159 3.565 1.56
20190412133200 3.795 1.56
20190412133201 3.7375 1.56
20190412133202 3.7375 1.56
20190412133203 3.7375 1.56
20190412133204 3.6225 1.56
20190412133205 3.795 1.56
20190412133206 3.6225 1.56
20190412133207 3.565 1.55
20190412133209 3.795 1.55
20190412133210 3.6225 1.56
20190412133211 3.7375 1.55
20190412133212 3.68 1.56
20190412133213 3.68 1.56
20190412133214 3.7375 1.55
20190412133215 3.6225 1.56
20190412133216 3.7375 1.56
20190412133217 3.7375 1.56
20190412133218 3.7375 1.56
20190412133219 3.68 1.56
20190412133220 3.6225 1.56
20190412133221 3.795 1.55
20190412133222 3.68 1.56
20190412133223 3.565 1.55
20190412133224 3.795 1.55
20190412133225 3.6225 1.55
20190412133226 3.68 1.55
20190412133228 3.68 1.56
20190412133229 3.7375 1.55
20190412133230 3.68 1.55
20190412133231 3.6225 1.55
20190412133232 3.68 1.55
20190412133233 3.7375 1.55
20190412133234 3.7375 1.55
20190412133235 3.565 1.55
20190412133236 3.7375 1.55
20190412133237 3.7375 1.55
20190412133238 3.6225 1.55
20190412133239 3.7375 1.55
20190412133240 3.68 1.55
20190412133241 3.6225 1.55
20190412133242 3.6225 1.55
20190412133243 3.68 1.55
20190412133244 3.795 1.55
20190412133245 3.565 1.55
20190412133247 3.68 1.55
20190412133248 3.68 1.55
20190412133249 3.6225 1.55
20190412133250 3.6225 1.55
20190412133251 3.565 1.55
20190412133252 3.795 1.55
20190412133253 3.68 1.55
20190412133254 3.68 1.55
20190412133255 3.7375 1.55
20190412133256 3.68 1.55
20190412133257 3.68 1.55
20190412133258 3.6225 1.55
20190412133259 3.6225 1.55
20190412133300 3.795 1.55
20190412133301 3.6225 1.55
20190412133302 3.68 1.55
20190412133303 3.6225 1.55
20190412133304 3.6225 1.55
20190412133306 3.7375 1.55
20190412133307 3.565 1.55
20190412133308 3.795 1.55
20190412133309 3.68 1.55
20190412133310 3.6225 1.55
20190412133311 3.795 1.55
20190412133312 3.565 1.55
20190412133313 3.68 1.55
20190412133314 3.6225 1.56
20190412133315 3.6225 1.55
20190412133316 3.795 1.55
20190412133317 3.6225 1.55
20190412133318 3.68 1.55
20190412133319 3.7375 1.55
20190412133320 3.6225 1.55
20190412133321 3.68 1.55
20190412133322 3.565 1.55
20190412133323 3.68 1.55
20190412133325 3.7375 1.55
20190412133326 3.565 1.55
20190412133327 3.7375 1.55
20190412133328 3.68 1.55
20190412133329 3.6225 1.55
20190412133330 3.795 1.55
20190412133331 3.565 1.55
20190412133332 3.7375 1.55
20190412133333 3.68 1.55
20190412133334 3.6225 1.55
20190412133335 3.7375 1.55
20190412133336 3.6225 1.55
20190412133337 3.68 1.55
20190412133338 3.6225 1.55
20190412133339 3.6225 1.55
20190412133340 3.7375 1.55
20190412133341 3.6225 1.55
20190412133342 3.7375 1.55
20190412133344 3.68 1.55
20190412133345 3.6225 1.55
20190412133346 3.7375 1.55
20190412133347 3.565 1.55
20190412133348 3.795 1.55
20190412133349 3.68 1.55
20190412133350 3.565 1.55
20190412133351 3.7375 1.55
20190412133352 3.565 1.55
20190412133353 3.6225 1.55
20190412133354 3.795 1.55
20190412133355 3.68 1.55
20190412133356 3.7375 1.55
20190412133357 3.6225 1.55
20190412133358 3.68 1.55
20190412133359 3.7375 1.55
20190412133400 3.6225 1.55
20190412133401 3.7375 1.55
20190412133403 3.565 1.55
20190412133404 3.68 1.55
20190412133405 3.7375 1.55
20190412133406 3.6225 1.55
20190412133407 3.7375 1.55
20190412133408 3.6225 1.55
20190412133409 3.6225 1.55
20190412133410 3.7375 1.55
20190412133411 3.565 1.55
20190412133412 3.795 1.55
20190412133413 3.6225 1.55
20190412133414 3.6225 1.55
20190412133415 3.68 1.55
20190412133416 3.68 1.55
20190412133417 3.68 1.55
20190412133418 3.6225 1.55
20190412133419 3.6225 1.55
20190412133420 3.7375 1.55
20190412133422 3.565 1.55
20190412133423 3.68 1.55
20190412133424 3.68 1.55
20190412133425 3.6225 1.55
20190412133426 3.7375 1.55
20190412133427 3.565 1.55
20190412133428 3.7375 1.55
20190412133429 3.7375 1.55
20190412133430 3.6225 1.55
20190412133431 3.68 1.55
20190412133432 3.68 1.55
20190412133433 3.6225 1.55
20190412133434 3.7375 1.55
20190412133435 3.565 1.55
20190412133436 3.7375 1.55
20190412133437 3.68 1.56
20190412133438 3.6225 1.55
20190412133439 3.795 1.55
