20190412130204 1.61 0.81
20190412130205 1.8975 0.74
20190412130206 1.725 0.72
20190412130207 1.61 0.76
20190412130208 1.84 0.72
20190412130209 1.7825 0.71
20190412130210 1.725 0.73
20190412130211 1.7825 0.73
20190412130212 1.61 0.74
20190412130213 1.6675 0.73
20190412130214 1.84 0.73
20190412130215 1.6675 0.73
20190412130216 1.61 0.73
20190412130217 1.725 0.73
20190412130218 1.61 0.73
20190412130219 1.84 0.73
20190412130221 1.725 0.73
20190412130222 1.61 0.73
20190412130223 1.7825 0.73
20190412130224 1.725 0.73
20190412130225 1.61 0.73
20190412130226 1.7825 0.73
20190412130227 1.61 0.73
20190412130228 1.725 0.73
20190412130229 1.84 0.73
20190412130230 1.6675 0.73
20190412130231 1.6675 0.73
20190412130232 1.7825 0.73
20190412130233 1.6675 0.73
20190412130234 1.7825 0.73
20190412130235 1.6675 0.73
20190412130236 1.6675 0.73
20190412130237 1.84 0.73
20190412130238 1.6675 0.73
20190412130240 1.6675 0.73
20190412130241 1.7825 0.73
20190412130242 1.6675 0.73
20190412130243 1.7825 0.73
20190412130244 1.6675 0.73
20190412130245 1.6675 0.73
20190412130246 1.84 0.73
20190412130247 1.725 0.73
20190412130248 1.61 0.73
20190412130249 1.7825 0.73
20190412130250 1.61 0.73
20190412130251 1.7825 0.73
20190412130252 1.7825 0.73
20190412130253 1.6675 0.73
20190412130254 1.725 0.73
20190412130255 1.7825 0.73
20190412130256 1.61 0.73
20190412130257 1.7825 0.73
20190412130259 1.61 0.73
20190412130300 1.725 0.73
20190412130301 1.7825 0.73
20190412130302 1.6675 0.73
20190412130303 1.725 0.73
20190412130304 1.7825 0.73
20190412130305 1.6675 0.73
20190412130306 1.84 0.73
20190412130307 1.6675 0.73
20190412130308 1.61 0.73
20190412130309 1.84 0.73
20190412130310 1.6675 0.73
20190412130311 1.61 0.73
20190412130312 1.7825 0.73
20190412130313 1.6675 0.73
20190412130314 1.84 0.73
20190412130315 1.6675 0.73
20190412130316 1.61 0.73
20190412130318 1.7825 0.73
20190412130319 1.725 0.72
20190412130320 1.61 0.73
20190412130321 1.7825 0.73
20190412130322 1.6675 0.73
20190412130323 1.7825 0.73
20190412130324 1.725 0.73
20190412130325 1.61 0.73
20190412130326 1.7825 0.73
20190412130327 1.725 0.73
20190412130328 1.61 0.73
20190412130329 1.7825 0.72
20190412130330 1.6675 0.73
20190412130331 1.7825 0.72
20190412130332 1.6675 0.72
20190412130333 1.6675 0.72
20190412130334 1.7825 0.72
20190412130335 1.6675 0.72
20190412130337 1.61 0.73
20190412130338 1.7825 0.72
20190412130339 1.6675 0.72
20190412130340 1.7825 0.72
20190412130341 1.6675 0.72
20190412130342 1.6675 0.73
20190412130343 1.725 0.72
20190412130344 1.6675 0.72
20190412130345 1.6675 0.72
20190412130346 1.6675 0.72
20190412130347 1.725 0.72
20190412130348 1.725 0.72
20190412130349 1.61 0.72
20190412130350 1.7825 0.72
20190412130351 1.725 0.72
20190412130352 1.61 0.72
20190412130353 1.725 0.72
20190412130354 1.61 0.72
20190412130356 1.7825 0.72
20190412130357 1.6675 0.72
20190412130358 1.6675 0.72
20190412130359 1.84 0.72
20190412130400 1.6675 0.72
20190412130401 1.6675 0.72
20190412130402 1.84 0.72
20190412130403 1.6675 0.72
20190412130404 1.7825 0.72
20190412130405 1.61 0.72
20190412130406 1.725 0.72
20190412130407 1.7825 0.72
20190412130408 1.61 0.72
20190412130409 1.6675 0.72
20190412130410 1.61 0.72
20190412130411 1.725 0.72
20190412130412 1.725 0.72
20190412130413 1.6675 0.72
20190412130415 1.725 0.72
20190412130416 1.725 0.72
20190412130417 1.61 0.72
20190412130418 1.6675 0.72
20190412130419 1.61 0.72
20190412130420 1.6675 0.72
20190412130421 1.7825 0.72
20190412130422 1.61 0.72
20190412130423 1.6675 0.72
20190412130424 1.725 0.72
20190412130425 1.61 0.72
20190412130426 1.7825 0.72
20190412130427 1.5525 0.72
20190412130428 1.6675 0.72
20190412130429 1.7825 0.72
20190412130430 1.6675 0.72
20190412130431 1.725 0.72
20190412130432 1.725 0.72
20190412130434 1.61 0.72
20190412130435 1.725 0.72
20190412130436 1.61 0.72
20190412130437 1.7825 0.72
20190412130438 1.725 0.72
20190412130439 1.61 0.72
20190412130440 1.725 0.72
20190412130441 1.6675 0.72
20190412130442 1.61 0.72
20190412130443 1.725 0.72
20190412130444 1.61 0.72
20190412130445 1.725 0.72
20190412130446 1.725 0.72
20190412130447 1.61 0.72
20190412130448 1.7825 0.72
20190412130449 1.6675 0.72
20190412130450 1.7825 0.72
20190412130451 1.6675 0.72
20190412130453 1.5525 0.72
20190412130454 1.84 0.72
20190412130455 1.6675 0.72
20190412130456 1.61 0.72
20190412130457 1.7825 0.72
20190412130458 1.6675 0.72
20190412130459 1.7825 0.72
20190412130500 1.6675 0.72
20190412130501 1.61 0.72
20190412130502 1.7825 0.72
20190412130503 1.6675 0.72
20190412130504 1.61 0.72
20190412130505 1.7825 0.72
20190412130506 1.6675 0.72
20190412130507 1.725 0.72
20190412130508 1.6675 0.73
20190412130509 1.6675 0.72
20190412130510 1.7825 0.73
20190412130512 1.61 0.73
20190412130513 1.6675 0.73
20190412130514 1.84 0.73
20190412130515 1.725 0.73
20190412130516 1.7825 0.73
20190412130517 1.61 0.72
20190412130518 1.725 0.72
20190412130519 1.7825 0.72
20190412130520 1.6675 0.72
20190412130521 1.725 0.72
20190412130522 1.7825 0.72
20190412130523 1.725 0.72
20190412130524 1.7825 0.72
20190412130525 1.61 0.72
20190412130526 1.725 0.72
20190412130527 1.725 0.72
20190412130528 1.61 0.72
20190412130529 1.725 0.72
20190412130531 1.725 0.72
20190412130532 1.725 0.72
20190412130533 1.6675 0.72
20190412130534 1.61 0.72
20190412130535 1.7825 0.72
20190412130536 1.6675 0.72
20190412130537 1.61 0.72
20190412130538 1.7825 0.72
20190412130539 1.6675 0.72
20190412130540 1.7825 0.72
20190412130541 1.6675 0.72
20190412130542 1.725 0.72
20190412130543 1.7825 0.72
20190412130544 1.6675 0.72
20190412130545 1.6675 0.72
20190412130546 1.7825 0.72
20190412130547 1.725 0.72
20190412130548 1.725 0.72
20190412130550 1.61 0.72
20190412130551 1.725 0.72
20190412130552 1.6675 0.72
20190412130553 1.61 0.72
20190412130554 1.6675 0.72
20190412130555 1.6675 0.72
20190412130556 1.6675 0.73
20190412130557 1.7825 0.72
20190412130558 1.6675 0.72
20190412130559 1.6675 0.72
20190412130600 1.7825 0.72
20190412130601 1.61 0.72
20190412130602 1.725 0.72
20190412130603 1.6675 0.72
20190412130604 1.6675 0.72
20190412130605 1.7825 0.72
20190412130606 1.61 0.72
20190412130607 1.725 0.72
20190412130609 1.7825 0.72
20190412130610 1.61 0.72
20190412130611 1.725 0.72
20190412130612 1.6675 0.72
20190412130613 1.61 0.72
20190412130614 1.7825 0.72
20190412130615 1.6675 0.72
20190412130616 1.6675 0.72
20190412130617 1.7825 0.72
20190412130618 1.61 0.72
20190412130619 1.7825 0.72
20190412130620 1.61 0.72
20190412130621 1.6675 0.72
20190412130622 1.7825 0.72
20190412130623 1.6675 0.72
20190412130624 1.6675 0.72
20190412130625 1.7825 0.72
20190412130626 1.6675 0.72
20190412130628 1.7825 0.72
20190412130629 1.6675 0.72
20190412130630 1.725 0.72
20190412130631 1.7825 0.72
20190412130632 1.61 0.72
20190412130633 1.6675 0.72
20190412130634 1.7825 0.72
20190412130635 1.6675 0.72
20190412130636 1.725 0.72
20190412130637 1.61 0.72
20190412130638 1.7825 0.72
20190412130639 1.725 0.72
20190412130640 1.6675 0.72
20190412130641 1.7825 0.72
20190412130642 1.6675 0.72
20190412130643 1.7825 0.72
20190412130644 1.6675 0.72
20190412130645 1.61 0.72
20190412130647 1.7825 0.72
20190412130648 1.6675 0.72
20190412130649 1.6675 0.72
20190412130650 1.7825 0.72
20190412130651 1.61 0.72
20190412130652 1.7825 0.72
20190412130653 1.61 0.72
20190412130654 1.725 0.72
20190412130655 1.725 0.72
20190412130656 1.61 0.72
20190412130657 1.725 0.72
20190412130658 1.7825 0.72
20190412130659 1.61 0.72
20190412130700 1.725 0.72
20190412130701 1.61 0.72
20190412130702 1.7825 0.72
20190412130703 1.725 0.73
20190412130704 1.61 0.72
20190412130706 1.7825 0.73
20190412130707 1.725 0.73
20190412130708 1.7825 0.73
20190412130709 1.6675 0.73
20190412130710 1.6675 0.72
20190412130711 1.7825 0.72
