20190412131819 3.0475 1.39
20190412131820 2.8175 1.22
20190412131821 3.105 1.19
20190412131822 2.875 1.16
20190412131823 2.5875 1.18
20190412131824 2.8175 1.23
20190412131825 2.875 1.22
20190412131826 2.76 1.22
20190412131827 2.9325 1.15
20190412131828 2.4725 1.27
20190412131829 2.9325 1.26
20190412131830 2.99 1.2
20190412131831 2.8175 1.21
20190412131832 2.875 1.18
20190412131833 2.9325 1.18
20190412131835 2.76 1.21
20190412131836 2.875 1.21
20190412131837 2.8175 1.2
20190412131838 2.8175 1.19
20190412131839 2.9325 1.19
20190412131840 2.76 1.19
20190412131841 2.76 1.2
20190412131842 2.9325 1.2
20190412131843 2.8175 1.2
20190412131844 2.875 1.2
20190412131845 2.9325 1.19
20190412131846 2.76 1.19
20190412131847 2.875 1.19
20190412131848 2.875 1.2
20190412131849 2.645 1.2
20190412131850 2.875 1.2
20190412131851 2.76 1.2
20190412131852 2.875 1.2
20190412131854 2.9325 1.2
20190412131855 2.8175 1.2
20190412131856 2.76 1.2
20190412131857 2.9325 1.2
20190412131858 2.8175 1.2
20190412131859 2.8175 1.2
20190412131900 2.76 1.2
20190412131901 2.76 1.2
20190412131902 2.9325 1.2
20190412131903 2.8175 1.2
20190412131904 2.76 1.2
20190412131905 2.9325 1.2
20190412131906 2.875 1.2
20190412131907 2.76 1.2
20190412131908 2.9325 1.2
20190412131909 2.76 1.19
20190412131910 2.8175 1.19
20190412131911 2.875 1.19
20190412131913 2.76 1.2
20190412131914 2.8175 1.19
20190412131915 2.9325 1.19
20190412131916 2.7025 1.19
20190412131917 2.9325 1.19
20190412131918 2.8175 1.19
20190412131919 2.7025 1.19
20190412131920 2.875 1.19
20190412131921 2.875 1.19
20190412131922 2.76 1.19
20190412131923 2.875 1.19
20190412131924 2.76 1.19
20190412131925 2.8175 1.19
20190412131926 2.875 1.19
20190412131927 2.76 1.19
20190412131928 2.76 1.19
20190412131929 2.9325 1.19
20190412131930 2.8175 1.19
20190412131932 2.76 1.19
20190412131933 2.875 1.19
20190412131934 2.7025 1.19
20190412131935 2.875 1.19
20190412131936 2.8175 1.19
20190412131937 2.76 1.19
20190412131938 2.875 1.19
20190412131939 2.875 1.19
20190412131940 2.8175 1.19
20190412131941 2.875 1.19
20190412131942 2.76 1.19
20190412131943 2.8175 1.19
20190412131944 2.875 1.19
20190412131945 2.76 1.19
20190412131946 2.8175 1.19
20190412131947 2.875 1.19
20190412131948 2.8175 1.19
20190412131949 2.99 1.19
20190412131951 2.76 1.19
20190412131952 2.7025 1.19
20190412131953 2.875 1.19
20190412131954 2.8175 1.19
20190412131955 2.76 1.19
20190412131956 2.9325 1.19
20190412131957 2.7025 1.19
20190412131958 2.9325 1.19
20190412131959 2.8175 1.19
20190412132000 2.7025 1.19
20190412132001 2.875 1.19
20190412132002 2.875 1.19
20190412132003 2.7025 1.19
20190412132004 2.875 1.19
20190412132005 2.76 1.19
20190412132006 2.8175 1.19
20190412132007 2.875 1.19
20190412132008 2.76 1.19
20190412132010 2.76 1.19
20190412132011 2.875 1.18
20190412132012 2.8175 1.18
20190412132013 2.9325 1.18
20190412132014 2.8175 1.18
20190412132015 2.7025 1.18
20190412132016 2.875 1.18
20190412132017 2.875 1.18
20190412132018 2.76 1.18
20190412132019 2.8175 1.18
20190412132020 2.875 1.19
20190412132021 2.76 1.18
20190412132022 2.9325 1.18
20190412132023 2.7025 1.18
20190412132024 2.7025 1.18
20190412132025 2.9325 1.18
20190412132026 2.8175 1.18
20190412132027 2.7025 1.18
20190412132029 2.875 1.19
20190412132030 2.7025 1.19
20190412132031 2.8175 1.19
20190412132032 2.8175 1.19
20190412132033 2.645 1.19
20190412132034 2.875 1.19
20190412132035 2.875 1.19
20190412132036 2.7025 1.19
20190412132037 2.9325 1.19
20190412132038 2.76 1.18
20190412132039 2.7025 1.16
20190412132040 2.9325 1.18
20190412132041 2.7025 1.19
20190412132042 2.7025 1.19
20190412132043 2.9325 1.19
20190412132044 2.7025 1.19
20190412132045 2.875 1.19
20190412132046 2.8175 1.19
20190412132048 2.7025 1.19
20190412132049 2.875 1.19
20190412132050 2.875 1.19
20190412132051 2.76 1.19
20190412132052 2.8175 1.19
20190412132053 2.76 1.19
20190412132054 2.8175 1.19
20190412132055 2.875 1.19
20190412132056 2.7025 1.19
20190412132057 2.76 1.19
20190412132058 2.9325 1.19
20190412132059 2.76 1.19
20190412132100 2.76 1.19
20190412132101 2.875 1.19
20190412132102 2.76 1.19
20190412132103 2.8175 1.19
20190412132104 2.875 1.19
20190412132105 2.8175 1.19
20190412132107 2.8175 1.19
20190412132108 2.9325 1.19
20190412132109 2.76 1.19
20190412132110 2.99 1.2
20190412132111 2.8175 1.19
20190412132112 2.7025 1.19
20190412132113 2.875 1.19
20190412132114 2.875 1.19
20190412132115 2.76 1.19
20190412132116 2.8175 1.19
20190412132117 2.8175 1.19
20190412132118 2.8175 1.19
20190412132119 2.875 1.19
20190412132120 2.7025 1.19
20190412132121 2.8175 1.19
20190412132122 2.9325 1.19
20190412132123 2.76 1.19
20190412132124 2.76 1.19
20190412132126 2.8175 1.19
20190412132127 2.76 1.19
20190412132128 2.875 1.19
20190412132129 2.875 1.19
20190412132130 2.7025 1.19
20190412132131 2.8175 1.19
20190412132132 2.9325 1.19
20190412132133 2.8175 1.19
20190412132134 2.9325 1.19
20190412132135 2.76 1.19
20190412132136 2.76 1.19
20190412132137 2.875 1.19
20190412132138 2.8175 1.19
20190412132139 2.76 1.19
20190412132140 2.875 1.19
20190412132141 2.76 1.19
20190412132142 2.875 1.19
20190412132143 2.875 1.19
20190412132145 2.7025 1.19
20190412132146 2.875 1.19
20190412132147 2.9325 1.19
20190412132148 2.7025 1.19
20190412132149 2.76 1.19
20190412132150 2.8175 1.19
20190412132151 2.76 1.19
20190412132152 2.875 1.19
20190412132153 2.8175 1.19
20190412132154 2.76 1.19
20190412132155 2.8175 1.19
20190412132156 2.875 1.19
20190412132157 2.8175 1.19
20190412132158 2.875 1.19
20190412132159 2.8175 1.19
20190412132200 2.7025 1.19
20190412132201 2.875 1.19
20190412132203 2.9325 1.19
20190412132204 2.7025 1.19
20190412132205 2.76 1.19
20190412132206 2.76 1.19
20190412132207 2.76 1.19
20190412132208 2.9325 1.19
20190412132209 2.76 1.19
20190412132210 2.7025 1.19
20190412132211 2.9325 1.19
20190412132212 2.875 1.19
20190412132213 2.875 1.19
20190412132214 2.875 1.19
20190412132215 2.7025 1.19
20190412132216 2.76 1.19
20190412132217 2.9325 1.19
20190412132218 2.8175 1.19
20190412132219 2.76 1.19
20190412132220 2.9325 1.19
20190412132222 2.76 1.19
20190412132223 2.8175 1.19
20190412132224 2.875 1.19
20190412132225 2.7025 1.2
20190412132226 2.8175 1.19
20190412132227 2.9325 1.2
20190412132228 2.76 1.19
20190412132229 2.76 1.19
20190412132230 2.875 1.19
20190412132231 2.76 1.19
20190412132232 2.875 1.19
20190412132233 2.875 1.19
20190412132234 2.76 1.19
20190412132235 2.8175 1.19
20190412132236 2.875 1.19
20190412132237 2.8175 1.19
20190412132238 2.9325 1.19
20190412132239 2.76 1.19
20190412132241 2.76 1.19
20190412132242 2.9325 1.19
20190412132243 2.8175 1.19
20190412132244 2.7025 1.19
20190412132245 2.875 1.19
20190412132246 2.76 1.19
20190412132247 2.875 1.19
20190412132248 2.875 1.19
20190412132249 2.76 1.19
20190412132250 2.76 1.19
20190412132251 2.9325 1.19
20190412132252 2.8175 1.19
20190412132253 2.7025 1.19
20190412132254 2.8175 1.2
20190412132255 2.7025 1.19
20190412132256 2.8175 1.19
20190412132257 2.8175 1.19
20190412132258 2.76 1.19
20190412132300 2.8175 1.2
20190412132301 2.9325 1.2
20190412132302 2.8175 1.2
20190412132303 2.9325 1.2
20190412132304 2.76 1.2
20190412132305 2.7025 1.2
20190412132306 2.9325 1.2
20190412132307 2.875 1.19
20190412132308 2.76 1.2
20190412132309 2.875 1.2
20190412132310 2.76 1.2
20190412132311 2.875 1.19
20190412132312 2.875 1.2
20190412132313 2.7025 1.19
20190412132314 2.8175 1.19
20190412132315 2.9325 1.19
20190412132316 2.7025 1.2
20190412132317 2.76 1.2
20190412132319 2.8175 1.2
20190412132320 2.76 1.2
20190412132321 2.875 1.2
20190412132322 2.8175 1.2
20190412132323 2.76 1.19
20190412132324 2.9325 1.19
20190412132325 2.875 1.19
20190412132326 2.8175 1.19
20190412132327 2.9325 1.19
20190412132328 2.7025 1.19
20190412132329 2.8175 1.19
20190412132330 2.875 1.19
20190412132331 2.76 1.19
