20190412141123 6.8425 2.93
20190412141124 7.0725 2.9
20190412141125 6.9575 2.92
20190412141126 6.9 2.97
20190412141127 7.0725 2.95
20190412141128 6.9 2.93
20190412141129 7.1875 2.93
20190412141130 6.9575 2.92
20190412141131 6.8425 2.93
20190412141133 7.1875 2.94
20190412141134 6.9575 2.94
20190412141135 6.9575 2.94
20190412141136 7.015 2.93
20190412141137 6.9 2.93
20190412141138 7.0725 2.93
20190412141139 6.9 2.93
20190412141140 6.8425 2.93
20190412141141 7.13 2.93
20190412141142 6.9 2.93
20190412141143 7.015 2.93
20190412141144 6.9575 2.93
20190412141145 7.015 2.93
20190412141146 7.015 2.93
20190412141147 6.9 2.93
20190412141148 7.0725 2.93
20190412141149 7.0725 2.93
20190412141150 6.9575 2.93
20190412141152 7.015 2.93
20190412141153 6.9575 2.93
20190412141154 7.015 2.93
20190412141155 7.015 2.93
20190412141156 6.8425 2.93
20190412141157 7.0725 2.93
20190412141158 7.015 2.93
20190412141159 6.8425 2.93
20190412141200 6.9575 2.93
20190412141201 6.9 2.93
20190412141202 6.9575 2.93
20190412141203 7.015 2.93
20190412141204 6.8425 2.93
20190412141205 7.015 2.93
20190412141206 7.0725 2.93
20190412141207 6.8425 2.93
20190412141208 6.8425 2.93
20190412141209 6.9575 2.93
20190412141211 6.9 2.93
20190412141212 7.015 2.93
20190412141213 7.015 2.93
20190412141214 6.9575 2.93
20190412141215 7.0725 2.93
20190412141216 6.9575 2.93
20190412141217 7.015 2.93
20190412141218 6.9575 2.93
20190412141219 6.9 2.93
20190412141220 6.9575 2.93
20190412141221 7.0725 2.93
20190412141222 6.9 2.93
20190412141223 7.015 2.93
20190412141224 6.9575 2.93
20190412141225 7.0725 2.93
20190412141226 6.9575 2.93
20190412141227 6.9 2.93
20190412141228 7.13 2.93
20190412141230 7.015 2.93
20190412141231 6.9 2.93
20190412141232 6.9575 2.93
20190412141233 6.9 2.93
20190412141234 7.015 2.93
20190412141235 7.015 2.93
20190412141236 6.8425 2.93
20190412141237 7.015 2.93
20190412141238 7.0725 2.93
20190412141239 6.9 2.93
20190412141240 6.9 2.93
20190412141241 7.1875 2.93
20190412141242 6.9 2.93
20190412141243 7.0725 2.94
20190412141244 6.9 2.93
20190412141245 6.9575 2.94
20190412141246 7.0725 2.93
20190412141247 6.9575 2.93
20190412141249 6.8425 2.93
20190412141250 7.015 2.94
20190412141251 6.9 2.93
20190412141252 7.015 2.93
20190412141253 7.0725 2.93
20190412141254 6.9 2.93
20190412141255 6.9575 2.93
20190412141256 7.015 2.94
20190412141257 7.015 2.93
20190412141258 7.0725 2.93
20190412141259 6.9 2.93
20190412141300 6.8425 2.93
20190412141301 7.13 2.93
20190412141302 7.015 2.93
20190412141303 6.8425 2.93
20190412141304 7.015 2.93
20190412141305 7.0725 2.93
20190412141306 6.9575 2.93
20190412141308 7.015 2.93
20190412141309 6.9575 2.93
20190412141310 6.9575 2.93
20190412141311 7.0725 2.93
20190412141312 6.9575 2.93
20190412141313 6.8425 2.93
20190412141314 7.0725 2.93
20190412141315 6.9 2.94
20190412141316 6.9575 2.93
20190412141317 7.13 2.94
20190412141318 6.9 2.93
20190412141319 6.9575 2.94
20190412141320 7.015 2.93
20190412141321 7.015 2.94
20190412141322 7.0725 2.93
20190412141323 7.015 2.94
20190412141324 6.8425 2.93
20190412141325 7.0725 2.93
20190412141327 7.0725 2.93
20190412141328 6.9 2.93
20190412141329 6.9575 2.93
20190412141330 6.9575 2.94
20190412141331 6.8425 2.93
20190412141332 7.015 2.93
20190412141333 7.0725 2.93
20190412141334 6.9575 2.93
20190412141335 7.0725 2.94
20190412141336 6.9575 2.93
20190412141337 6.9575 2.94
20190412141338 7.0725 2.93
20190412141339 6.9 2.94
20190412141340 6.9 2.93
20190412141341 7.13 2.94
20190412141342 6.9575 2.93
20190412141343 6.9 2.93
20190412141344 7.015 2.93
20190412141346 7.0725 2.93
20190412141347 7.015 2.93
20190412141348 7.015 2.93
20190412141349 6.9575 2.93
20190412141350 7.015 2.94
20190412141351 7.0725 2.94
20190412141352 6.9 2.93
20190412141353 6.9 2.93
20190412141354 6.9575 2.93
20190412141355 6.9 2.93
20190412141356 7.015 2.93
20190412141357 7.0725 2.94
20190412141358 6.9 2.93
20190412141359 7.015 2.93
20190412141400 6.9575 2.93
20190412141401 7.015 2.93
20190412141402 7.0725 2.93
20190412141403 6.9 2.93
20190412141405 6.8425 2.94
20190412141406 7.13 2.93
20190412141407 7.015 2.93
20190412141408 6.8425 2.93
20190412141409 6.9575 2.93
20190412141410 7.13 2.93
20190412141411 6.9 2.93
20190412141412 7.015 2.93
20190412141413 7.015 2.93
20190412141414 6.9575 2.93
20190412141415 7.0725 2.93
20190412141416 6.9575 2.93
20190412141417 6.9575 2.93
20190412141418 7.015 2.93
20190412141419 6.8425 2.93
20190412141420 6.9575 2.93
20190412141421 7.13 2.93
20190412141422 6.9575 2.94
20190412141424 6.9575 2.94
20190412141425 7.015 2.94
20190412141426 7.015 2.94
20190412141427 7.0725 2.94
20190412141428 6.9575 2.94
20190412141429 6.9575 2.94
20190412141430 7.13 2.94
20190412141431 7.015 2.94
20190412141432 6.9 2.94
20190412141433 6.9575 2.94
20190412141434 7.13 2.94
20190412141435 6.9575 2.94
20190412141436 7.015 2.94
20190412141437 6.9575 2.94
20190412141438 7.015 2.94
20190412141439 7.0725 2.94
20190412141440 6.9 2.94
20190412141441 7.015 2.94
20190412141443 6.9575 2.93
20190412141444 6.9 2.94
20190412141445 7.015 2.94
20190412141446 7.0725 2.94
20190412141447 6.9575 2.94
20190412141448 7.015 2.94
20190412141449 7.015 2.94
20190412141450 6.9575 2.94
20190412141451 7.015 2.94
20190412141452 6.8425 2.94
20190412141453 7.13 2.94
20190412141454 7.0725 2.94
20190412141455 6.9575 2.94
20190412141456 6.9575 2.93
20190412141457 7.13 2.94
20190412141458 6.9 2.94
20190412141459 7.0725 2.94
20190412141500 6.9 2.94
20190412141502 6.9575 2.94
20190412141503 7.0725 2.94
20190412141504 6.9575 2.94
20190412141505 6.8425 2.94
20190412141506 7.13 2.93
20190412141507 6.9 2.94
20190412141508 6.9575 2.94
20190412141509 7.13 2.94
20190412141510 7.015 2.94
20190412141511 7.015 2.94
20190412141512 7.0725 2.94
20190412141513 6.8425 2.94
20190412141514 7.0725 2.94
20190412141515 6.9 2.94
20190412141516 6.9 2.94
20190412141517 7.1875 2.94
20190412141518 7.015 2.94
20190412141519 6.9 2.94
20190412141521 7.015 2.94
20190412141522 7.0725 2.94
20190412141523 7.015 2.94
20190412141524 7.015 2.94
20190412141525 6.8425 2.94
20190412141526 7.0725 2.94
20190412141527 7.0725 2.94
20190412141528 6.9 2.94
20190412141529 6.9 2.94
20190412141530 7.13 2.94
20190412141531 6.9575 2.94
20190412141532 7.015 2.94
20190412141533 7.13 2.94
20190412141534 6.9575 2.94
20190412141535 7.015 2.94
20190412141536 7.0725 2.94
20190412141537 7.015 2.94
20190412141538 6.9575 2.94
20190412141540 6.9575 2.94
20190412141541 6.8425 2.94
20190412141542 7.1875 2.94
20190412141543 7.0725 2.94
20190412141544 6.9 2.94
20190412141545 6.9575 2.94
20190412141546 7.13 2.94
20190412141547 6.9575 2.94
20190412141548 7.015 2.94
20190412141549 7.0725 2.94
20190412141550 6.9575 2.94
20190412141551 7.0725 2.94
20190412141552 7.015 2.94
20190412141553 6.8425 2.94
20190412141554 7.0725 2.94
20190412141555 6.9 2.94
20190412141556 6.9 2.94
20190412141557 7.1875 2.94
20190412141559 7.015 2.94
20190412141600 6.9 2.95
20190412141601 7.0725 2.95
20190412141602 7.13 2.95
20190412141603 6.9575 2.94
20190412141604 7.0725 2.95
20190412141605 6.9 2.95
20190412141606 7.015 2.95
20190412141607 7.13 2.94
20190412141608 6.9575 2.95
20190412141609 6.8425 2.95
20190412141610 7.13 2.95
20190412141611 6.9575 2.95
20190412141612 7.015 2.95
20190412141613 7.13 2.95
20190412141614 7.015 2.95
20190412141615 7.015 2.95
20190412141616 7.0725 2.95
20190412141618 7.015 2.95
20190412141619 7.0725 2.95
20190412141620 6.9575 2.95
20190412141621 6.8425 2.95
20190412141622 7.1875 2.95
20190412141623 7.015 2.95
20190412141624 6.9575 2.95
20190412141625 7.0725 2.95
20190412141626 7.0725 2.94
20190412141627 6.9575 2.95
20190412141628 7.015 2.95
20190412141629 7.015 2.95
20190412141630 7.015 2.95
