20190412111559 0.115 0.07
20190412111600 0.23 0.07
20190412111601 0.0 0.06
20190412111603 0.115 0.05
20190412111604 0.23 0.05
20190412111605 0.0 0.05
20190412111606 0.1725 0.06
20190412111607 0.0575 0.06
20190412111608 0.0575 0.06
20190412111609 0.23 0.06
20190412111610 0.115 0.06
20190412111611 0.0 0.06
20190412111612 0.1725 0.06
20190412111613 0.1725 0.06
20190412111614 0.1725 0.06
20190412111615 0.23 0.06
20190412111616 0.0 0.1
20190412111617 0.345 0.12
20190412111618 0.575 0.02
20190412111619 -0.0575 0.03
20190412111620 0.115 0.08
20190412111622 -0.0575 0.06
20190412111623 0.1725 0.1
20190412111624 0.2875 0.06
20190412111625 0.23 0.06
20190412111626 0.0575 0.06
20190412111627 0.1725 0.06
20190412111628 0.115 0.07
20190412111629 0.0575 0.08
20190412111630 0.23 0.08
20190412111631 0.0575 0.07
20190412111632 0.23 0.07
20190412111633 0.23 0.08
20190412111634 0.0575 0.08
20190412111635 0.1725 0.08
20190412111636 0.23 0.08
20190412111637 0.115 0.08
20190412111638 0.23 0.08
20190412111639 0.115 0.08
20190412111641 0.115 0.08
20190412111642 0.2875 0.08
20190412111643 0.115 0.08
20190412111644 0.115 0.08
20190412111645 0.23 0.08
20190412111646 0.115 0.08
20190412111647 0.23 0.08
20190412111648 0.1725 0.08
20190412111649 0.115 0.08
20190412111650 0.23 0.08
20190412111651 0.1725 0.08
20190412111652 0.115 0.08
20190412111653 0.23 0.08
20190412111654 0.115 0.08
20190412111655 0.1725 0.08
20190412111656 0.23 0.09
20190412111657 0.115 0.09
20190412111658 0.1725 0.09
20190412111700 0.23 0.09
20190412111701 0.115 0.09
20190412111702 0.2875 0.09
20190412111703 0.115 0.09
20190412111704 0.115 0.09
20190412111705 0.2875 0.09
20190412111706 0.1725 0.09
20190412111707 0.115 0.09
20190412111708 0.2875 0.09
20190412111709 0.1725 0.09
20190412111710 0.23 0.09
20190412111711 0.23 0.09
20190412111712 0.115 0.09
20190412111713 0.23 0.09
20190412111714 0.2875 0.09
20190412111715 0.0575 0.09
20190412111716 0.23 0.09
20190412111717 0.23 0.09
20190412111719 0.115 0.09
20190412111720 0.23 0.09
20190412111721 0.1725 0.09
20190412111722 0.115 0.09
20190412111723 0.23 0.09
20190412111724 0.1725 0.09
20190412111725 0.115 0.09
20190412111726 0.23 0.09
20190412111727 0.0575 0.09
20190412111728 0.23 0.09
20190412111729 0.23 0.09
20190412111730 0.115 0.09
20190412111731 0.1725 0.09
20190412111732 0.345 0.09
20190412111733 0.115 0.09
20190412111734 0.23 0.09
20190412111735 0.1725 0.09
20190412111736 0.115 0.09
20190412111738 0.2875 0.09
20190412111739 0.23 0.09
20190412111740 0.115 0.09
20190412111741 0.1725 0.09
20190412111742 0.23 0.09
20190412111743 0.1725 0.09
20190412111744 0.23 0.09
20190412111745 0.0575 0.09
20190412111746 0.1725 0.09
20190412111747 0.2875 0.09
20190412111748 0.1725 0.09
20190412111749 0.0575 0.09
20190412111750 0.1725 0.09
20190412111751 0.115 0.07
20190412111752 0.115 0.07
20190412111753 0.1725 0.14
20190412111754 0.115 0.1
20190412111755 0.1725 0.12
20190412111757 0.4025 0.17
20190412111758 0.1725 0.01
20190412111759 0.345 0.05
20190412111800 0.23 0.12
20190412111801 0.1725 0.11
20190412111802 0.46 0.15
20190412111803 0.345 0.03
20190412111804 0.0 0.06
20190412111805 0.0575 0.1
20190412111806 0.1725 0.13
20190412111807 0.1725 0.07
20190412111808 0.23 0.11
20190412111809 0.115 0.09
20190412111810 0.2875 0.11
20190412111811 0.2875 0.09
20190412111812 0.115 0.06
20190412111813 0.1725 0.08
20190412111814 0.0575 0.09
20190412111816 0.23 0.06
20190412111817 0.1725 0.1
20190412111818 0.115 0.09
20190412111819 0.23 0.1
20190412111820 0.23 0.09
20190412111821 0.23 0.09
20190412111822 0.0575 0.07
20190412111823 0.1725 0.07
20190412111824 0.0575 0.12
20190412111825 0.23 0.06
20190412111826 0.115 0.08
20190412111827 0.1725 0.1
20190412111828 0.23 0.06
20190412111829 0.1725 0.07
20190412111830 0.1725 0.08
20190412111831 0.23 0.09
20190412111832 0.0575 0.08
20190412111834 0.1725 0.07
20190412111835 0.23 0.07
20190412111836 0.115 0.06
20190412111837 0.1725 0.08
20190412111838 0.23 0.08
20190412111839 0.115 0.06
20190412111840 0.2875 0.08
20190412111841 -0.0 0.07
20190412111842 0.115 0.1
20190412111843 0.2875 0.07
20190412111844 0.0575 0.08
20190412111845 0.115 0.08
20190412111846 0.2875 0.07
20190412111847 0.0 0.11
20190412111848 0.1725 0.09
20190412111849 0.0575 0.06
20190412111850 0.0575 0.1
20190412111851 0.4025 0.03
20190412111853 0.115 0.02
20190412111854 -0.0 0.08
20190412111855 0.1725 0.07
20190412111856 0.0575 0.13
20190412111857 0.23 0.06
20190412111858 0.0575 0.08
20190412111859 0.115 0.09
20190412111900 0.2875 0.04
20190412111901 0.23 0.04
20190412111902 0.115 0.05
20190412111903 0.115 0.09
20190412111904 0.115 0.17
20190412111905 0.1725 0.12
20190412111906 0.46 0.07
20190412111907 0.23 0.04
20190412111908 0.0 0.05
20190412111909 0.2875 0.11
20190412111910 0.115 0.07
20190412111912 0.1725 0.07
20190412111913 0.23 0.06
20190412111914 0.0 0.05
20190412111915 0.23 0.05
20190412111916 0.1725 0.05
20190412111917 0.0575 0.06
20190412111918 0.1725 0.04
20190412111919 0.23 0.03
20190412111920 0.23 -0.0
20190412111921 0.1725 0.08
20190412111922 0.0575 0.09
20190412111923 0.0575 0.1
20190412111924 0.23 0.09
20190412111925 0.1725 0.06
20190412111926 -0.0 0.07
20190412111927 0.23 0.07
20190412111928 -0.0575 0.15
20190412111929 0.46 0.07
20190412111931 0.345 0.07
20190412111932 0.115 0.02
20190412111933 -0.0 0.05
20190412111934 0.23 0.09
20190412111935 -0.0 0.16
20190412111936 0.46 -0.02
20190412111937 0.0575 0.07
20190412111938 0.0575 0.07
20190412111939 0.23 0.0
20190412111940 0.115 0.1
20190412111941 -0.0575 0.09
20190412111942 0.1725 0.07
20190412111943 0.115 0.09
20190412111944 0.23 0.04
20190412111945 0.23 0.02
20190412111946 -0.115 0.09
20190412111947 0.115 0.11
20190412111948 0.2875 0.06
20190412111950 0.1725 0.08
20190412111951 0.0575 0.12
20190412111952 -0.0575 0.0
20190412111953 0.1725 0.24
20190412111954 0.5175 0.06
20190412111955 0.345 0.02
20190412111956 0.1725 -0.02
20190412111957 -0.23 0.03
20190412111958 0.23 0.2
20190412111959 0.115 0.02
20190412112000 0.5175 0.1
20190412112001 -0.1725 0.05
20190412112002 0.2875 0.13
20190412112003 0.2875 0.04
20190412112004 0.0575 0.04
20190412112005 0.0575 0.15
20190412112006 0.2875 0.07
20190412112007 0.115 -0.05
20190412112009 0.0 -0.11
20190412112010 -0.0575 0.07
20190412112011 0.2875 0.18
20190412112012 -0.1725 -0.08
20190412112013 0.5175 0.17
20190412112014 -0.115 -0.04
20190412112015 -0.1725 0.12
20190412112016 0.115 0.02
20190412112017 0.0 0.11
20190412112018 0.1725 0.05
20190412112019 0.0575 0.07
20190412112020 0.0 0.06
20190412112021 0.1725 0.08
20190412112022 0.1725 0.06
20190412112023 0.115 0.06
20190412112024 0.2875 0.08
20190412112025 0.0 0.13
20190412112026 0.0575 0.08
20190412112028 0.345 0.05
20190412112029 0.1725 0.13
20190412112030 0.23 -0.01
20190412112031 0.0575 0.04
20190412112032 0.0575 0.08
20190412112033 -0.0575 0.06
20190412112034 0.23 0.06
20190412112035 -0.115 0.12
20190412112036 0.115 0.09
20190412112037 0.2875 0.19
20190412112038 0.6325 -0.02
20190412112039 -0.23 -0.11
20190412112040 0.0575 -0.01
20190412112041 -0.115 0.07
20190412112042 0.115 0.12
20190412112043 0.23 0.1
20190412112044 0.0575 0.12
20190412112045 0.2875 0.07
20190412112047 0.1725 0.05
20190412112048 0.0575 0.01
20190412112049 0.0575 0.08
20190412112050 -0.0575 -0.01
20190412112051 -0.0 0.15
20190412112052 0.2875 0.09
20190412112053 0.115 0.07
20190412112054 0.1725 0.09
20190412112055 0.23 0.03
20190412112056 0.115 0.08
20190412112057 0.23 0.1
20190412112058 0.1725 0.03
20190412112059 0.0 0.09
20190412112100 0.115 0.07
20190412112101 0.23 0.05
20190412112102 0.115 0.08
20190412112103 -0.0575 0.02
20190412112104 0.345 0.13
20190412112106 0.2875 0.06
20190412112107 0.23 0.02
20190412112108 0.23 0.03
20190412112109 0.0575 0.06
