20190412142824 7.82 3.22
20190412142825 7.82 3.22
20190412142826 7.7625 3.23
20190412142827 7.59 3.22
20190412142828 7.82 3.25
20190412142829 7.705 3.27
20190412142831 7.82 3.26
20190412142832 7.59 3.24
20190412142833 7.8775 3.24
20190412142834 7.705 3.24
20190412142835 7.5325 3.24
20190412142836 7.705 3.25
20190412142837 7.7625 3.25
20190412142838 7.82 3.24
20190412142839 7.59 3.24
20190412142840 7.82 3.24
20190412142841 7.82 3.24
20190412142842 7.6475 3.24
20190412142843 7.7625 3.24
20190412142844 7.82 3.24
20190412142845 7.705 3.24
20190412142846 7.6475 3.24
20190412142847 7.6475 3.24
20190412142848 7.8775 3.24
20190412142850 7.6475 3.24
20190412142851 7.7625 3.24
20190412142852 7.6475 3.24
20190412142853 7.705 3.24
20190412142854 7.82 3.24
20190412142855 7.59 3.24
20190412142856 7.8775 3.24
20190412142857 7.6475 3.24
20190412142858 7.7625 3.24
20190412142859 7.7625 3.24
20190412142900 7.5325 3.24
20190412142901 7.82 3.24
20190412142902 7.6475 3.24
20190412142903 7.705 3.24
20190412142904 7.7625 3.24
20190412142905 7.705 3.24
20190412142906 7.7625 3.24
20190412142907 7.59 3.24
20190412142909 7.82 3.24
20190412142910 7.8775 3.24
20190412142911 7.7625 3.24
20190412142912 7.6475 3.24
20190412142913 7.6475 3.24
20190412142914 7.82 3.24
20190412142915 7.705 3.24
20190412142916 7.6475 3.24
20190412142917 7.82 3.24
20190412142918 7.705 3.24
20190412142919 7.705 3.24
20190412142920 7.705 3.24
20190412142921 7.82 3.24
20190412142922 7.6475 3.24
20190412142923 7.59 3.24
20190412142924 7.935 3.24
20190412142925 7.705 3.24
20190412142926 7.7625 3.24
20190412142928 7.59 3.23
20190412142929 7.7625 3.24
20190412142930 7.705 3.24
20190412142931 7.59 3.23
20190412142932 7.705 3.24
20190412142933 7.7625 3.23
20190412142934 7.7625 3.24
20190412142935 7.59 3.24
20190412142936 7.82 3.24
20190412142937 7.82 3.24
20190412142938 7.6475 3.24
20190412142939 7.7625 3.24
20190412142940 7.6475 3.24
20190412142941 7.705 3.24
20190412142942 7.82 3.24
20190412142943 7.705 3.24
20190412142944 7.8775 3.24
20190412142945 7.6475 3.24
20190412142947 7.7625 3.24
20190412142948 7.6475 3.24
20190412142949 7.705 3.24
20190412142950 7.82 3.24
20190412142951 7.705 3.24
20190412142952 7.705 3.24
20190412142953 7.6475 3.24
20190412142954 7.7625 3.24
20190412142955 7.705 3.24
20190412142956 7.5325 3.24
20190412142957 7.82 3.24
20190412142958 7.7625 3.24
20190412142959 7.705 3.24
20190412143000 7.7625 3.24
20190412143001 7.7625 3.24
20190412143002 7.82 3.24
20190412143003 7.59 3.24
20190412143004 7.82 3.24
20190412143006 7.8775 3.24
20190412143007 7.705 3.24
20190412143008 7.6475 3.24
20190412143009 7.6475 3.24
20190412143010 7.82 3.24
20190412143011 7.705 3.24
20190412143012 7.6475 3.24
20190412143013 7.8775 3.24
20190412143014 7.705 3.24
20190412143015 7.7625 3.24
20190412143016 7.7625 3.24
20190412143017 7.82 3.24
20190412143018 7.7625 3.24
20190412143019 7.6475 3.24
20190412143020 7.6475 3.24
20190412143021 7.7625 3.24
20190412143022 7.705 3.24
20190412143023 7.5325 3.24
20190412143025 7.82 3.25
20190412143026 7.82 3.24
20190412143027 7.6475 3.24
20190412143028 7.705 3.24
20190412143029 7.82 3.24
20190412143030 7.6475 3.24
20190412143031 7.6475 3.24
20190412143032 7.6475 3.24
20190412143033 7.82 3.24
20190412143034 7.6475 3.24
20190412143035 7.705 3.24
20190412143036 7.705 3.24
20190412143037 7.705 3.24
20190412143038 7.82 3.24
20190412143039 7.59 3.24
20190412143040 7.8775 3.24
20190412143041 7.705 3.24
20190412143042 7.705 3.24
20190412143044 7.7625 3.24
20190412143045 7.59 3.24
20190412143046 7.82 3.24
20190412143047 7.7625 3.24
20190412143048 7.7625 3.24
20190412143049 7.7625 3.25
20190412143050 7.705 3.24
20190412143051 7.7625 3.24
20190412143052 7.59 3.24
20190412143053 7.82 3.24
20190412143054 7.82 3.25
20190412143055 7.7625 3.24
20190412143056 7.82 3.24
20190412143057 7.705 3.24
20190412143058 7.82 3.24
20190412143059 7.6475 3.24
20190412143100 7.6475 3.24
20190412143101 7.82 3.24
20190412143103 7.6475 3.25
20190412143104 7.705 3.25
20190412143105 7.7625 3.25
20190412143106 7.82 3.25
20190412143107 7.705 3.24
20190412143108 7.6475 3.25
20190412143109 7.8775 3.25
20190412143110 7.705 3.25
20190412143111 7.7625 3.24
20190412143112 7.59 3.25
20190412143113 7.8775 3.25
20190412143114 7.705 3.25
20190412143115 7.6475 3.24
20190412143116 7.705 3.25
20190412143117 7.7625 3.25
20190412143118 7.7625 3.25
20190412143119 7.59 3.25
20190412143120 7.82 3.25
20190412143122 7.82 3.24
20190412143123 7.6475 3.25
20190412143124 7.705 3.25
20190412143125 7.6475 3.24
20190412143126 7.705 3.24
20190412143127 7.82 3.24
20190412143128 7.6475 3.25
20190412143129 7.8775 3.24
20190412143130 7.705 3.25
20190412143131 7.705 3.25
20190412143132 7.705 3.24
20190412143133 7.705 3.25
20190412143134 7.82 3.25
20190412143135 7.705 3.24
20190412143136 7.8775 3.25
20190412143137 7.705 3.25
20190412143138 7.7625 3.25
20190412143139 7.705 3.25
20190412143141 7.59 3.25
20190412143142 7.8775 3.25
20190412143143 7.7625 3.25
20190412143144 7.7625 3.24
20190412143145 7.7625 3.25
20190412143146 7.7625 3.25
20190412143147 7.7625 3.25
20190412143148 7.59 3.25
20190412143149 7.8775 3.25
20190412143150 7.7625 3.25
20190412143151 7.705 3.25
20190412143152 7.5325 3.25
20190412143153 7.82 3.25
20190412143154 7.82 3.25
20190412143155 7.6475 3.25
20190412143156 7.705 3.25
20190412143157 7.82 3.25
20190412143158 7.705 3.25
20190412143200 7.6475 3.25
20190412143201 7.82 3.25
20190412143202 7.82 3.25
20190412143203 7.6475 3.25
20190412143204 7.7625 3.25
20190412143205 7.6475 3.25
20190412143206 7.7625 3.24
20190412143207 7.82 3.25
20190412143208 7.6475 3.25
20190412143209 7.8775 3.25
20190412143210 7.705 3.25
20190412143211 7.7625 3.25
20190412143212 7.705 3.24
20190412143213 7.7625 3.24
20190412143214 7.82 3.24
20190412143215 7.705 3.24
20190412143216 7.8775 3.24
20190412143217 7.7625 3.25
20190412143219 7.7625 3.24
20190412143220 7.7625 3.24
20190412143221 7.6475 3.24
20190412143222 7.82 3.24
20190412143223 7.7625 3.25
20190412143224 7.7625 3.25
20190412143225 7.82 3.25
20190412143226 7.705 3.25
20190412143227 7.7625 3.25
20190412143228 7.6475 3.24
20190412143229 7.82 3.25
20190412143230 7.82 3.24
20190412143231 7.6475 3.25
20190412143232 7.6475 3.25
20190412143233 7.7625 3.25
20190412143234 7.82 3.25
20190412143235 7.705 3.25
20190412143236 7.705 3.25
20190412143238 7.8775 3.25
20190412143239 7.705 3.25
20190412143240 7.7625 3.25
20190412143241 7.7625 3.25
20190412143242 7.82 3.25
20190412143243 7.705 3.25
20190412143244 7.705 3.25
20190412143245 7.7625 3.25
20190412143246 7.705 3.25
20190412143247 7.7625 3.25
20190412143248 7.59 3.25
20190412143249 7.82 3.25
20190412143250 7.7625 3.24
20190412143251 7.6475 3.24
20190412143252 7.705 3.24
20190412143253 7.7625 3.25
20190412143254 7.7625 3.25
20190412143256 7.82 3.24
20190412143257 7.8775 3.24
20190412143258 7.82 3.25
20190412143259 7.6475 3.24
20190412143300 7.82 3.25
20190412143301 7.59 3.25
20190412143302 7.7625 3.25
20190412143303 7.8775 3.25
20190412143304 7.6475 3.25
20190412143305 7.8775 3.25
20190412143306 7.6475 3.25
20190412143307 7.7625 3.25
20190412143308 7.705 3.25
20190412143309 7.7625 3.25
20190412143310 7.82 3.25
20190412143311 7.705 3.25
20190412143312 7.7625 3.25
20190412143313 7.705 3.25
20190412143315 7.7625 3.25
20190412143316 7.7625 3.25
20190412143317 7.59 3.25
20190412143318 7.8775 3.25
20190412143319 7.82 3.25
20190412143320 7.6475 3.25
20190412143321 7.7625 3.25
20190412143322 7.7625 3.25
20190412143323 7.82 3.25
20190412143324 7.6475 3.25
20190412143325 7.705 3.25
20190412143326 7.82 3.25
20190412143327 7.705 3.25
20190412143328 7.59 3.25
20190412143329 7.7625 3.26
20190412143330 7.82 3.27
20190412143331 7.705 3.25
