20190412145809 10.6375 4.44
20190412145810 10.58 4.41
20190412145811 10.6375 4.45
20190412145812 10.7525 4.45
20190412145813 10.465 4.45
20190412145814 10.5225 4.45
20190412145815 10.8675 4.44
20190412145816 10.6375 4.43
20190412145817 10.6375 4.43
20190412145818 10.4075 4.43
20190412145819 10.6375 4.44
20190412145820 10.695 4.44
20190412145821 10.5225 4.43
20190412145822 10.5225 4.43
20190412145823 10.81 4.43
20190412145824 10.58 4.43
20190412145825 10.5225 4.43
20190412145826 10.6375 4.44
20190412145828 10.6375 4.43
20190412145829 10.695 4.43
20190412145830 10.465 4.43
20190412145831 10.695 4.43
20190412145832 10.7525 4.43
20190412145833 10.5225 4.43
20190412145834 10.5225 4.43
20190412145835 10.6375 4.43
20190412145836 10.6375 4.42
20190412145837 10.6375 4.43
20190412145838 10.4075 4.43
20190412145839 10.695 4.43
20190412145840 10.695 4.43
20190412145841 10.5225 4.43
20190412145842 10.7525 4.43
20190412145843 10.58 4.42
20190412145844 10.6375 4.43
20190412145845 10.58 4.43
20190412145847 10.35 4.43
20190412145848 10.7525 4.43
20190412145849 10.58 4.43
20190412145850 10.465 4.43
20190412145851 10.695 4.43
20190412145852 10.5225 4.43
20190412145853 10.6375 4.43
20190412145854 10.5225 4.43
20190412145855 10.6375 4.43
20190412145856 10.695 4.43
20190412145857 10.58 4.43
20190412145858 10.58 4.43
20190412145859 10.6375 4.43
20190412145900 10.5225 4.43
20190412145901 10.6375 4.42
20190412145902 10.465 4.43
20190412145903 10.58 4.43
20190412145904 10.695 4.42
20190412145906 10.5225 4.43
20190412145907 10.81 4.43
20190412145908 10.6375 4.43
20190412145909 10.5225 4.43
20190412145910 10.58 4.43
20190412145911 10.695 4.43
20190412145912 10.6375 4.43
20190412145913 10.695 4.43
20190412145914 10.58 4.43
20190412145915 10.695 4.42
20190412145916 10.58 4.43
20190412145917 10.5225 4.42
20190412145918 10.5225 4.42
20190412145919 10.695 4.43
20190412145920 10.5225 4.43
20190412145921 10.58 4.43
20190412145922 10.58 4.42
20190412145923 10.6375 4.43
20190412145925 10.695 4.42
20190412145926 10.465 4.42
20190412145927 10.465 4.43
20190412145928 10.7525 4.43
20190412145929 10.5225 4.43
20190412145930 10.5225 4.42
20190412145931 10.58 4.42
20190412145932 10.6375 4.42
20190412145933 10.6375 4.42
20190412145934 10.4075 4.42
20190412145935 10.695 4.42
20190412145936 10.7525 4.43
20190412145937 10.465 4.42
20190412145938 10.465 4.42
20190412145939 10.58 4.43
20190412145940 10.58 4.42
20190412145941 10.6375 4.43
20190412145942 10.4075 4.43
20190412145944 10.6375 4.42
20190412145945 10.695 4.42
20190412145946 10.5225 4.42
20190412145947 10.7525 4.42
20190412145948 10.58 4.42
20190412145949 10.5225 4.42
20190412145950 10.6375 4.42
20190412145951 10.695 4.42
20190412145952 10.58 4.42
20190412145953 10.695 4.42
20190412145954 10.5225 4.42
20190412145955 10.7525 4.42
20190412145956 10.58 4.41
20190412145957 10.4075 4.42
20190412145958 10.58 4.42
20190412145959 10.58 4.42
20190412150000 10.58 4.42
20190412150001 10.695 4.42
20190412150003 10.58 4.42
20190412150004 10.695 4.42
20190412150005 10.5225 4.42
20190412150006 10.465 4.42
20190412150007 10.58 4.42
20190412150008 10.58 4.42
20190412150009 10.5225 4.42
20190412150010 10.6375 4.42
20190412150011 10.58 4.42
20190412150012 10.695 4.42
20190412150013 10.465 4.42
20190412150014 10.465 4.42
20190412150015 10.81 4.42
20190412150016 10.58 4.42
20190412150017 10.5225 4.42
20190412150018 10.58 4.42
20190412150019 10.6375 4.42
20190412150020 10.695 4.42
20190412150022 10.465 4.42
20190412150023 10.4075 4.42
20190412150024 10.7525 4.42
20190412150025 10.5225 4.42
20190412150026 10.5225 4.42
20190412150027 10.6375 4.42
20190412150028 10.58 4.42
20190412150029 10.695 4.42
20190412150030 10.4075 4.42
20190412150031 10.695 4.42
20190412150032 10.695 4.42
20190412150033 10.5225 4.42
20190412150034 10.5225 4.42
20190412150035 10.6375 4.42
20190412150036 10.58 4.42
20190412150037 10.6375 4.43
20190412150038 10.465 4.43
20190412150039 10.695 4.42
20190412150041 10.695 4.42
20190412150042 10.465 4.42
20190412150043 10.465 4.42
20190412150044 10.5225 4.42
20190412150045 10.58 4.42
20190412150046 10.6375 4.42
20190412150047 10.4075 4.42
20190412150048 10.6375 4.43
20190412150049 10.6375 4.43
20190412150050 10.465 4.43
20190412150051 10.695 4.43
20190412150052 10.5225 4.42
20190412150053 10.6375 4.42
20190412150054 10.5225 4.42
20190412150055 10.58 4.42
20190412150056 10.695 4.42
20190412150057 10.58 4.42
20190412150058 10.465 4.42
20190412150100 10.695 4.43
20190412150101 10.5225 4.42
20190412150102 10.58 4.43
20190412150103 10.5225 4.42
20190412150104 10.6375 4.42
20190412150105 10.6375 4.42
20190412150106 10.58 4.43
20190412150107 10.4075 4.43
20190412150108 10.6375 4.43
20190412150109 10.5225 4.43
20190412150110 10.58 4.43
20190412150111 10.695 4.42
20190412150112 10.6375 4.42
20190412150113 10.6375 4.43
20190412150114 10.58 4.42
20190412150115 10.7525 4.43
20190412150116 10.58 4.43
20190412150117 10.58 4.43
20190412150119 10.58 4.43
20190412150120 10.58 4.43
20190412150121 10.6375 4.43
20190412150122 10.695 4.43
20190412150123 10.465 4.43
20190412150124 10.695 4.43
20190412150125 10.5225 4.43
20190412150126 10.6375 4.43
20190412150127 10.465 4.42
20190412150128 10.5225 4.43
20190412150129 10.7525 4.43
20190412150130 10.5225 4.43
20190412150131 10.81 4.43
20190412150132 10.5225 4.42
20190412150133 10.5225 4.42
20190412150134 10.58 4.43
20190412150135 10.6375 4.43
20190412150136 10.6375 4.43
20190412150138 10.695 4.43
20190412150139 10.465 4.43
20190412150140 10.695 4.43
20190412150141 10.5225 4.42
20190412150142 10.6375 4.43
20190412150143 10.5225 4.42
20190412150144 10.58 4.43
20190412150145 10.6375 4.43
20190412150146 10.58 4.43
20190412150147 10.4075 4.42
20190412150148 10.6375 4.43
20190412150149 10.5225 4.43
20190412150150 10.58 4.42
20190412150151 10.695 4.42
20190412150152 10.58 4.42
20190412150153 10.695 4.43
20190412150154 10.5225 4.43
20190412150155 10.7525 4.42
20190412150157 10.5225 4.43
20190412150158 10.5225 4.42
20190412150159 10.58 4.43
20190412150200 10.58 4.42
20190412150201 10.6375 4.42
20190412150202 10.6375 4.42
20190412150203 10.4075 4.42
20190412150204 10.695 4.42
20190412150205 10.5225 4.42
20190412150206 10.5225 4.42
20190412150207 10.5225 4.42
20190412150208 10.58 4.42
20190412150209 10.6375 4.42
20190412150210 10.58 4.42
20190412150211 10.35 4.42
20190412150212 10.6375 4.43
20190412150213 10.5225 4.42
20190412150214 10.5225 4.42
20190412150216 10.6375 4.42
20190412150217 10.58 4.42
20190412150218 10.695 4.42
20190412150219 10.465 4.43
20190412150220 10.7525 4.43
20190412150221 10.5225 4.42
20190412150222 10.5225 4.42
20190412150223 10.58 4.43
20190412150224 10.58 4.42
20190412150225 10.695 4.43
20190412150226 10.6375 4.42
20190412150227 10.4075 4.42
20190412150228 10.6375 4.42
20190412150229 10.465 4.42
20190412150230 10.58 4.42
20190412150231 10.5225 4.42
20190412150232 10.58 4.42
20190412150234 10.695 4.43
20190412150235 10.5225 4.42
20190412150236 10.4075 4.43
20190412150237 10.58 4.43
20190412150238 10.5225 4.43
20190412150239 10.6375 4.42
20190412150240 10.58 4.43
20190412150241 10.6375 4.42
20190412150242 10.6375 4.43
20190412150243 10.4075 4.43
20190412150244 10.695 4.43
20190412150245 10.5225 4.43
20190412150246 10.58 4.42
20190412150247 10.5225 4.43
20190412150248 10.6375 4.43
20190412150249 10.6375 4.43
20190412150250 10.58 4.43
20190412150251 10.4075 4.43
20190412150253 10.6375 4.42
20190412150254 10.5225 4.43
20190412150255 10.58 4.43
20190412150256 10.695 4.42
20190412150257 10.6375 4.43
20190412150258 10.6375 4.42
20190412150259 10.465 4.43
20190412150300 10.7525 4.43
20190412150301 10.5225 4.42
20190412150302 10.58 4.43
20190412150303 10.58 4.43
20190412150304 10.58 4.43
20190412150305 10.695 4.43
20190412150306 10.58 4.43
20190412150307 10.4075 4.42
20190412150308 10.695 4.43
20190412150309 10.465 4.42
20190412150310 10.58 4.43
20190412150312 10.5225 4.43
20190412150313 10.58 4.43
20190412150314 10.695 4.43
20190412150315 10.58 4.43
20190412150316 10.35 4.43
20190412150317 10.58 4.43
