20190412144239 8.9125 3.7
20190412144240 8.97 3.82
20190412144241 8.97 3.8
20190412144242 8.9125 3.79
20190412144243 9.2 3.76
20190412144244 9.2 3.75
20190412144245 8.9125 3.75
20190412144246 8.9125 3.76
20190412144247 8.97 3.78
20190412144248 8.97 3.78
20190412144249 9.0275 3.78
20190412144250 8.7975 3.77
20190412144251 9.0275 3.74
20190412144252 9.0275 3.75
20190412144253 8.97 3.83
20190412144254 8.855 3.8
20190412144255 9.1425 3.75
20190412144257 9.2575 3.72
20190412144258 9.2 3.74
20190412144259 8.7975 3.72
20190412144300 8.9125 3.83
20190412144301 9.0275 3.79
20190412144302 8.9125 3.75
20190412144303 9.2 3.77
20190412144304 8.9125 3.62
20190412144305 8.74 3.77
20190412144306 9.085 3.83
20190412144307 9.315 3.81
20190412144308 9.2575 3.8
20190412144309 8.97 3.75
20190412144310 8.97 3.74
20190412144311 8.97 3.78
20190412144312 9.0275 3.77
20190412144313 8.9125 3.78
20190412144314 8.9125 3.79
20190412144316 9.0275 3.76
20190412144317 9.085 3.76
20190412144318 8.97 3.76
20190412144319 8.855 3.77
20190412144320 9.1425 3.77
20190412144321 8.97 3.77
20190412144322 8.97 3.77
20190412144323 9.0275 3.76
20190412144324 9.0275 3.76
20190412144325 9.085 3.76
20190412144326 8.9125 3.76
20190412144327 8.855 3.76
20190412144328 9.1425 3.76
20190412144329 8.9125 3.76
20190412144330 8.97 3.76
20190412144331 8.97 3.76
20190412144332 9.0275 3.76
20190412144333 9.0275 3.77
20190412144335 8.855 3.76
20190412144336 9.085 3.76
20190412144337 9.085 3.76
20190412144338 8.855 3.76
20190412144339 8.855 3.76
20190412144340 8.97 3.76
20190412144341 9.085 3.76
20190412144342 8.9125 3.76
20190412144343 8.855 3.76
20190412144344 9.1425 3.76
20190412144345 8.97 3.76
20190412144346 8.855 3.76
20190412144347 9.0275 3.76
20190412144348 9.0275 3.76
20190412144349 9.0275 3.76
20190412144350 8.855 3.76
20190412144351 8.855 3.76
20190412144352 9.085 3.76
20190412144354 8.97 3.76
20190412144355 8.97 3.76
20190412144356 8.97 3.76
20190412144357 9.0275 3.76
20190412144358 8.97 3.76
20190412144359 8.855 3.76
20190412144400 9.1425 3.76
20190412144401 9.0275 3.76
20190412144402 8.855 3.76
20190412144403 9.085 3.76
20190412144404 8.97 3.76
20190412144405 9.085 3.76
20190412144406 8.855 3.76
20190412144407 8.7975 3.76
20190412144408 9.1425 3.76
20190412144409 8.97 3.76
20190412144410 8.97 3.76
20190412144411 8.97 3.76
20190412144413 9.0275 3.76
20190412144414 9.0275 3.76
20190412144415 8.855 3.76
20190412144416 9.085 3.76
20190412144417 9.0275 3.76
20190412144418 8.9125 3.76
20190412144419 8.9125 3.76
20190412144420 8.97 3.76
20190412144421 9.085 3.76
20190412144422 8.9125 3.76
20190412144423 8.855 3.76
20190412144424 9.1425 3.76
20190412144425 8.97 3.76
20190412144426 8.97 3.76
20190412144427 8.97 3.76
20190412144428 9.085 3.76
20190412144429 9.0275 3.76
20190412144430 8.7975 3.76
20190412144432 8.9125 3.76
20190412144433 9.085 3.76
20190412144434 8.9125 3.76
20190412144435 8.9125 3.76
20190412144436 8.97 3.76
20190412144437 9.085 3.76
20190412144438 8.97 3.76
20190412144439 8.7975 3.77
20190412144440 9.1425 3.77
20190412144441 9.0275 3.77
20190412144442 8.9125 3.77
20190412144443 9.085 3.76
20190412144444 8.97 3.76
20190412144445 9.085 3.77
20190412144446 8.9125 3.77
20190412144447 8.855 3.77
20190412144448 9.1425 3.77
20190412144449 8.9125 3.77
20190412144451 8.97 3.77
20190412144452 8.97 3.77
20190412144453 8.97 3.77
20190412144454 9.085 3.77
20190412144455 8.855 3.77
20190412144456 9.0275 3.77
20190412144457 9.1425 3.77
20190412144458 8.9125 3.77
20190412144459 8.97 3.76
20190412144500 8.97 3.77
20190412144501 9.085 3.76
20190412144502 8.97 3.76
20190412144503 8.855 3.77
20190412144504 9.1425 3.77
20190412144505 9.0275 3.77
20190412144506 8.9125 3.77
20190412144507 9.085 3.77
20190412144508 8.97 3.77
20190412144510 9.0275 3.77
20190412144511 8.9125 3.77
20190412144512 8.855 3.77
20190412144513 9.085 3.77
20190412144514 8.9125 3.76
20190412144515 8.9125 3.77
20190412144516 8.97 3.77
20190412144517 8.97 3.76
20190412144518 9.0275 3.76
20190412144519 8.855 3.76
20190412144520 9.085 3.76
20190412144521 9.085 3.76
20190412144522 8.9125 3.76
20190412144523 9.2 3.77
20190412144524 8.97 3.77
20190412144525 8.97 3.77
20190412144526 9.0275 3.77
20190412144527 8.855 3.77
20190412144529 9.085 3.76
20190412144530 9.085 3.76
20190412144531 8.9125 3.76
20190412144532 9.1425 3.77
20190412144533 8.9125 3.76
20190412144534 8.97 3.76
20190412144535 9.0275 3.76
20190412144536 8.97 3.77
20190412144537 9.085 3.77
20190412144538 9.0275 3.77
20190412144539 8.9125 3.77
20190412144540 9.085 3.77
20190412144541 8.9125 3.77
20190412144542 8.97 3.77
20190412144543 8.97 3.77
20190412144544 8.97 3.77
20190412144545 9.0275 3.77
20190412144546 9.085 3.77
20190412144548 9.1425 3.77
20190412144549 9.085 3.77
20190412144550 8.9125 3.77
20190412144551 8.97 3.77
20190412144552 8.9125 3.77
20190412144553 8.97 3.76
20190412144554 9.085 3.77
20190412144555 8.97 3.77
20190412144556 9.1425 3.77
20190412144557 9.0275 3.77
20190412144558 8.9125 3.77
20190412144559 9.0275 3.77
20190412144600 9.085 3.77
20190412144601 8.97 3.77
20190412144602 9.085 3.77
20190412144603 9.0275 3.77
20190412144604 9.1425 3.77
20190412144605 8.97 3.77
20190412144607 8.9125 3.77
20190412144608 8.97 3.77
20190412144609 9.0275 3.77
20190412144610 9.0275 3.77
20190412144611 9.0275 3.77
20190412144612 9.085 3.77
20190412144613 9.085 3.77
20190412144614 8.9125 3.77
20190412144615 9.0275 3.77
20190412144616 9.1425 3.77
20190412144617 8.9125 3.77
20190412144618 9.085 3.77
20190412144619 8.97 3.77
20190412144620 9.1425 3.77
20190412144621 8.97 3.77
20190412144622 8.9125 3.77
20190412144623 9.0275 3.77
20190412144624 9.0275 3.77
20190412144626 9.0275 3.77
20190412144627 9.0275 3.77
20190412144628 9.085 3.77
20190412144629 9.085 3.77
20190412144630 8.9125 3.77
20190412144631 9.0275 3.77
20190412144632 8.9125 3.77
20190412144633 8.97 3.77
20190412144634 9.085 3.77
20190412144635 8.9125 3.77
20190412144636 9.1425 3.77
20190412144637 8.97 3.77
20190412144638 8.9125 3.77
20190412144639 9.0275 3.77
20190412144640 9.085 3.77
20190412144641 9.0275 3.77
20190412144642 9.085 3.77
20190412144643 8.855 3.77
20190412144645 9.085 3.77
20190412144646 8.855 3.77
20190412144647 9.0275 3.77
20190412144648 8.9125 3.76
20190412144649 9.0275 3.77
20190412144650 9.085 3.77
20190412144651 8.9125 3.77
20190412144652 9.1425 3.77
20190412144653 8.97 3.77
20190412144654 8.97 3.66
20190412144655 8.7975 3.88
20190412144656 9.2 3.91
20190412144657 9.3725 3.88
20190412144658 9.315 3.85
20190412144659 9.085 3.78
20190412144700 9.0275 3.73
20190412144701 8.855 3.74
20190412144703 8.9125 3.76
20190412144704 8.855 3.78
20190412144705 8.97 3.78
20190412144706 9.1425 3.79
20190412144707 9.0275 3.78
20190412144708 8.855 3.77
20190412144709 9.085 3.77
20190412144710 8.9125 3.77
20190412144711 9.0275 3.77
20190412144712 8.9125 3.77
20190412144713 9.0275 3.78
20190412144714 9.1425 3.78
20190412144715 8.9125 3.78
20190412144716 9.2 3.78
20190412144717 8.97 3.78
20190412144718 9.0275 3.78
20190412144719 9.0275 3.78
20190412144720 9.0275 3.78
20190412144722 9.085 3.78
20190412144723 9.1425 3.78
20190412144724 8.9125 3.77
20190412144725 9.085 3.77
20190412144726 8.9125 3.77
20190412144727 8.97 3.77
20190412144728 8.9125 3.77
20190412144729 8.97 3.77
20190412144730 9.085 3.77
20190412144731 8.97 3.77
20190412144732 9.1425 3.77
20190412144733 9.0275 3.78
20190412144734 8.97 3.78
20190412144735 9.0275 3.78
20190412144736 9.0275 3.78
20190412144737 9.085 3.78
20190412144738 9.085 3.78
20190412144739 8.9125 3.78
20190412144741 9.1425 3.78
20190412144742 8.9125 3.78
20190412144743 9.0275 3.78
20190412144744 8.97 3.78
20190412144745 9.0275 3.78
20190412144746 9.085 3.77
20190412144747 9.0275 3.77
