20190412152243 11.96 5.01
20190412152244 12.42 4.92
20190412152245 11.845 4.86
20190412152246 11.9025 4.9
20190412152247 11.7875 4.93
20190412152248 11.5 4.97
20190412152249 11.9025 4.97
20190412152250 11.9025 4.98
20190412152251 11.615 4.89
20190412152252 11.845 4.99
20190412152253 11.7875 5.0
20190412152254 11.9025 4.95
20190412152255 11.7875 4.94
20190412152256 11.96 4.92
20190412152257 11.9025 4.92
20190412152258 11.615 4.93
20190412152300 11.73 4.95
20190412152301 12.0175 4.95
20190412152302 11.7875 4.94
20190412152303 11.845 4.94
20190412152304 11.845 4.93
20190412152305 11.845 4.93
20190412152306 11.845 4.93
20190412152307 11.615 4.94
20190412152308 11.96 4.94
20190412152309 11.96 4.94
20190412152310 11.73 4.94
20190412152311 11.73 4.94
20190412152312 11.7875 4.93
20190412152313 11.845 4.94
20190412152314 11.845 4.93
20190412152315 11.615 4.93
20190412152316 11.9025 4.93
20190412152317 11.9025 4.93
20190412152319 11.73 4.94
20190412152320 11.6725 4.93
20190412152321 12.0175 4.94
20190412152322 11.7875 4.93
20190412152323 11.845 4.94
20190412152324 11.9025 4.93
20190412152325 11.845 4.93
20190412152326 11.96 4.93
20190412152327 11.73 4.93
20190412152328 11.615 4.94
20190412152329 12.0175 4.93
20190412152330 11.7875 4.93
20190412152331 11.7875 4.93
20190412152332 11.9025 4.94
20190412152333 11.73 4.94
20190412152334 11.845 4.94
20190412152335 11.73 4.93
20190412152336 11.845 4.93
20190412152338 11.96 4.93
20190412152339 11.6725 4.93
20190412152340 11.73 4.93
20190412152341 11.9025 4.93
20190412152342 11.73 4.93
20190412152343 11.845 4.93
20190412152344 11.73 4.93
20190412152345 11.845 4.93
20190412152346 11.9025 4.93
20190412152347 11.615 4.93
20190412152348 11.96 4.92
20190412152349 11.9025 4.93
20190412152350 11.73 4.93
20190412152351 11.7875 4.93
20190412152352 11.6725 4.93
20190412152353 11.7875 4.93
20190412152354 11.9025 4.93
20190412152355 11.615 4.93
20190412152357 11.9025 4.93
20190412152358 11.845 4.93
20190412152359 11.6725 4.93
20190412152400 11.845 4.93
20190412152401 11.9025 4.92
20190412152402 11.73 4.93
20190412152403 11.73 4.92
20190412152404 11.845 4.92
20190412152405 11.96 4.93
20190412152406 11.7875 4.93
20190412152407 11.6725 4.93
20190412152408 11.73 4.93
20190412152409 11.9025 4.92
20190412152410 11.7875 4.93
20190412152411 11.6725 4.93
20190412152412 11.845 4.93
20190412152413 11.96 4.93
20190412152414 11.73 4.93
20190412152416 11.6725 4.93
20190412152417 12.0175 4.92
20190412152418 11.845 4.93
20190412152419 11.73 4.93
20190412152420 11.615 4.93
20190412152421 11.845 4.93
20190412152422 11.96 4.93
20190412152423 11.73 4.93
20190412152424 11.6725 4.93
20190412152425 11.96 4.93
20190412152426 11.7875 4.93
20190412152427 11.845 4.93
20190412152428 11.9025 4.92
20190412152429 11.7875 4.92
20190412152430 11.9025 4.93
20190412152431 11.6725 4.93
20190412152432 11.6725 4.92
20190412152433 11.96 4.92
20190412152435 11.7875 4.93
20190412152436 11.7875 4.93
20190412152437 11.845 4.93
20190412152438 11.73 4.92
20190412152439 11.845 4.93
20190412152440 11.73 4.93
20190412152441 11.845 4.93
20190412152442 11.96 4.93
20190412152443 11.7875 4.93
20190412152444 12.0175 4.93
20190412152445 11.845 4.92
20190412152446 11.73 4.93
20190412152447 11.845 4.93
20190412152448 11.6725 4.93
20190412152449 11.845 4.93
20190412152450 11.96 4.93
20190412152451 11.615 4.93
20190412152452 12.0175 4.92
20190412152454 11.845 4.93
20190412152455 11.73 4.93
20190412152456 11.7875 4.93
20190412152457 11.96 4.93
20190412152458 11.7875 4.93
20190412152459 11.9025 4.93
20190412152500 11.5575 4.93
20190412152501 11.96 4.93
20190412152502 11.845 4.93
20190412152503 11.6725 4.93
20190412152504 11.7875 4.93
20190412152505 11.9025 4.93
20190412152506 11.73 4.92
20190412152507 11.7875 4.93
20190412152508 11.845 4.93
20190412152509 11.9025 4.93
20190412152510 11.9025 4.93
20190412152511 11.6725 4.93
20190412152513 11.73 4.93
20190412152514 11.96 4.92
20190412152515 11.73 4.93
20190412152516 11.73 4.92
20190412152517 11.7875 4.92
20190412152518 11.845 4.92
20190412152519 11.7875 4.93
20190412152520 11.615 4.92
20190412152521 11.96 4.92
20190412152522 11.9025 4.92
20190412152523 11.6725 4.92
20190412152524 12.0175 4.93
20190412152525 11.7875 4.92
20190412152526 11.845 4.93
20190412152527 11.845 4.93
20190412152528 11.615 4.92
20190412152529 11.9025 4.93
20190412152530 11.845 4.93
20190412152532 11.73 4.92
20190412152533 11.96 4.93
20190412152534 11.7875 4.93
20190412152535 11.73 4.92
20190412152536 11.7875 4.93
20190412152537 11.9025 4.93
20190412152538 11.7875 4.93
20190412152539 11.9025 4.93
20190412152540 11.615 4.93
20190412152541 11.96 4.93
20190412152542 11.845 4.93
20190412152543 11.6725 4.93
20190412152544 11.7875 4.94
20190412152545 11.9025 4.93
20190412152546 11.73 4.92
20190412152547 11.845 4.93
20190412152548 11.845 4.92
20190412152549 11.9025 4.92
20190412152551 11.845 4.93
20190412152552 11.6725 4.93
20190412152553 11.6725 4.93
20190412152554 11.9025 4.93
20190412152555 11.73 4.92
20190412152556 11.73 4.93
20190412152557 11.845 4.93
20190412152558 11.845 4.93
20190412152559 11.7875 4.93
20190412152600 11.615 4.93
20190412152601 11.96 4.93
20190412152602 11.845 4.93
20190412152603 11.73 4.93
20190412152604 11.96 4.93
20190412152605 11.7875 4.93
20190412152606 11.845 4.94
20190412152607 11.73 4.94
20190412152608 11.615 4.94
20190412152610 12.0175 4.93
20190412152611 11.845 4.93
20190412152612 11.6725 4.93
20190412152613 11.9025 4.93
20190412152614 11.7875 4.93
20190412152615 11.9025 4.92
20190412152616 11.73 4.93
20190412152617 11.9025 4.93
20190412152618 11.96 4.93
20190412152619 11.7875 4.93
20190412152620 11.73 4.93
20190412152621 11.845 4.94
20190412152622 11.845 4.93
20190412152623 11.845 4.93
20190412152624 11.615 4.93
20190412152625 11.9025 4.93
20190412152626 11.9025 4.93
20190412152627 11.73 4.93
20190412152629 11.96 4.93
20190412152630 11.7875 4.93
20190412152631 11.845 4.93
20190412152632 11.7875 4.93
20190412152633 11.615 4.93
20190412152634 11.96 4.92
20190412152635 11.845 4.93
20190412152636 11.73 4.93
20190412152637 11.9025 4.92
20190412152638 11.73 4.92
20190412152639 11.7875 4.93
20190412152640 11.73 4.93
20190412152641 11.845 4.93
20190412152642 11.96 4.93
20190412152643 11.7875 4.93
20190412152644 12.0175 4.93
20190412152645 11.9025 4.93
20190412152646 11.73 4.93
20190412152648 11.845 4.93
20190412152649 11.73 4.93
20190412152650 11.845 4.92
20190412152651 11.845 4.93
20190412152652 11.845 4.94
20190412152653 11.96 4.93
20190412152654 11.9025 4.93
20190412152655 11.73 4.93
20190412152656 11.73 4.93
20190412152657 12.075 4.93
20190412152658 11.845 4.93
20190412152659 11.73 4.93
20190412152700 11.615 4.93
20190412152701 11.7875 4.93
20190412152702 11.9025 4.92
20190412152703 11.7875 4.93
20190412152704 11.615 4.93
20190412152705 11.96 4.93
20190412152707 11.9025 4.93
20190412152708 11.6725 4.93
20190412152709 12.0175 4.93
20190412152710 11.7875 4.93
20190412152711 11.73 4.93
20190412152712 11.845 4.93
20190412152713 11.615 4.93
20190412152714 11.9025 4.94
20190412152715 11.9025 4.93
20190412152716 11.73 4.94
20190412152717 12.0175 4.94
20190412152718 11.845 4.92
20190412152719 11.6725 4.93
20190412152720 11.7875 4.94
20190412152721 11.9025 4.93
20190412152722 11.7875 4.93
20190412152723 11.9025 4.93
20190412152724 11.9025 4.93
20190412152726 11.96 4.93
20190412152727 11.845 4.93
20190412152728 11.6725 4.93
20190412152729 11.73 4.93
20190412152730 11.9025 4.93
20190412152731 11.73 4.93
20190412152732 11.845 4.93
20190412152733 11.845 4.93
20190412152734 11.9025 4.93
20190412152735 11.7875 4.93
20190412152736 11.6725 4.93
20190412152737 12.0175 4.93
20190412152738 11.9025 4.94
20190412152739 11.6725 4.93
20190412152740 11.7875 4.93
20190412152741 11.7875 4.93
20190412152742 11.845 4.93
20190412152743 11.7875 4.94
20190412152745 11.615 4.93
20190412152746 11.96 4.94
20190412152747 11.9025 4.94
20190412152748 11.73 4.93
20190412152749 12.0175 4.93
20190412152750 11.73 4.94
20190412152751 11.845 4.94
20190412152752 11.845 4.94
20190412152753 11.615 4.96
