20190412153021 13.34 5.47
20190412153022 13.11 5.47
20190412153023 13.11 5.46
20190412153024 13.11 5.46
20190412153025 13.0525 5.5
20190412153026 13.3975 5.47
20190412153027 13.11 5.46
20190412153028 13.1675 5.47
20190412153029 13.11 5.47
20190412153030 13.1675 5.47
20190412153031 13.225 5.48
20190412153032 12.995 5.48
20190412153033 13.0525 5.47
20190412153034 13.225 5.46
20190412153035 13.0525 5.47
20190412153036 13.1675 5.47
20190412153037 12.995 5.47
20190412153038 13.225 5.48
20190412153040 13.225 5.48
20190412153041 12.995 5.47
20190412153042 13.3975 5.47
20190412153043 13.11 5.47
20190412153044 13.11 5.47
20190412153045 13.1675 5.46
20190412153046 12.88 5.47
20190412153047 13.225 5.47
20190412153048 12.9375 5.47
20190412153049 13.0525 5.47
20190412153050 13.225 5.47
20190412153051 13.11 5.48
20190412153052 13.1675 5.47
20190412153053 13.0525 5.47
20190412153054 13.1675 5.47
20190412153055 13.225 5.47
20190412153056 12.995 5.47
20190412153057 13.34 5.47
20190412153059 13.1675 5.47
20190412153100 13.11 5.47
20190412153101 13.11 5.46
20190412153102 12.9375 5.47
20190412153103 13.225 5.47
20190412153104 13.1675 5.47
20190412153105 13.0525 5.47
20190412153106 13.2825 5.47
20190412153107 13.11 5.47
20190412153108 13.1675 5.47
20190412153109 13.0525 5.46
20190412153110 13.1675 5.46
20190412153111 13.2825 5.47
20190412153112 12.995 5.47
20190412153113 13.0525 5.47
20190412153114 13.1675 5.47
20190412153115 13.1675 5.47
20190412153116 13.1675 5.47
20190412153118 12.9375 5.47
20190412153119 13.225 5.47
20190412153120 13.2825 5.48
20190412153121 13.0525 5.47
20190412153122 13.2825 5.46
20190412153123 13.0525 5.47
20190412153124 13.1675 5.46
20190412153125 13.0525 5.47
20190412153126 12.9375 5.47
20190412153127 13.2825 5.47
20190412153128 13.11 5.47
20190412153129 13.0525 5.47
20190412153130 13.1675 5.47
20190412153131 13.11 5.46
20190412153132 13.1675 5.47
20190412153133 12.995 5.47
20190412153134 13.2825 5.46
20190412153135 13.225 5.47
20190412153137 13.0525 5.47
20190412153138 13.34 5.46
20190412153139 13.11 5.47
20190412153140 13.1675 5.46
20190412153141 13.0525 5.47
20190412153142 12.9375 5.47
20190412153143 13.225 5.47
20190412153144 13.1675 5.47
20190412153145 13.0525 5.47
20190412153146 13.1675 5.48
20190412153147 13.11 5.48
20190412153148 13.225 5.47
20190412153149 12.9375 5.47
20190412153150 13.225 5.46
20190412153151 13.2825 5.47
20190412153152 13.0525 5.46
20190412153153 13.11 5.46
20190412153154 13.1675 5.47
20190412153156 13.11 5.47
20190412153157 13.11 5.47
20190412153158 12.9375 5.47
20190412153159 13.225 5.47
20190412153200 13.225 5.47
20190412153201 12.995 5.46
20190412153202 13.34 5.47
20190412153203 13.1675 5.46
20190412153204 13.0525 5.46
20190412153205 13.1675 5.46
20190412153206 12.88 5.45
20190412153207 13.11 5.46
20190412153208 13.225 5.46
20190412153209 12.9375 5.46
20190412153210 13.2825 5.46
20190412153211 13.11 5.46
20190412153212 12.995 5.46
20190412153213 13.11 5.46
20190412153215 13.1675 5.45
20190412153216 13.11 5.46
20190412153217 12.995 5.46
20190412153218 13.1675 5.45
20190412153219 13.225 5.45
20190412153220 13.0525 5.45
20190412153221 12.9375 5.45
20190412153222 12.995 5.46
20190412153223 13.1675 5.46
20190412153224 13.0525 5.45
20190412153225 12.995 5.46
20190412153226 13.11 5.46
20190412153227 13.225 5.45
20190412153228 12.995 5.46
20190412153229 12.9375 5.45
20190412153230 13.34 5.46
20190412153231 13.11 5.45
20190412153232 13.0525 5.46
20190412153234 12.9375 5.46
20190412153235 13.11 5.46
20190412153236 13.225 5.46
20190412153237 12.995 5.45
20190412153238 12.995 5.45
20190412153239 13.2825 5.45
20190412153240 12.995 5.45
20190412153241 13.0525 5.46
20190412153242 13.11 5.45
20190412153243 13.1675 5.45
20190412153244 13.11 5.45
20190412153245 12.9375 5.45
20190412153246 12.9375 5.45
20190412153247 13.225 5.45
20190412153248 12.995 5.45
20190412153249 12.9375 5.45
20190412153250 13.11 5.45
20190412153251 13.1675 5.45
20190412153253 13.0525 5.45
20190412153254 12.88 5.44
20190412153255 13.2825 5.45
20190412153256 13.11 5.45
20190412153257 12.995 5.45
20190412153258 13.1675 5.44
20190412153259 13.11 5.44
20190412153300 13.1675 5.45
20190412153301 12.9375 5.45
20190412153302 12.88 5.44
20190412153303 13.225 5.44
20190412153304 12.995 5.45
20190412153305 12.995 5.45
20190412153306 13.11 5.44
20190412153307 13.1675 5.45
20190412153308 13.11 5.44
20190412153309 12.88 5.45
20190412153310 13.225 5.45
20190412153312 13.1675 5.44
20190412153313 12.995 5.45
20190412153314 12.995 5.44
20190412153315 13.0525 5.44
20190412153316 13.11 5.44
20190412153317 13.0525 5.44
20190412153318 12.88 5.45
20190412153319 13.225 5.45
20190412153320 13.1675 5.44
20190412153321 12.9375 5.44
20190412153322 13.2825 5.44
20190412153323 13.0525 5.44
20190412153324 13.0525 5.44
20190412153325 13.0525 5.44
20190412153326 12.8225 5.44
20190412153327 13.1675 5.44
20190412153328 13.11 5.44
20190412153329 12.995 5.44
20190412153331 13.225 5.44
20190412153332 12.995 5.44
20190412153333 13.0525 5.44
20190412153334 12.995 5.44
20190412153335 13.0525 5.44
20190412153336 13.1675 5.44
20190412153337 13.11 5.44
20190412153338 13.225 5.44
20190412153339 13.225 5.44
20190412153340 12.9375 5.44
20190412153341 13.0525 5.44
20190412153342 12.995 5.44
20190412153343 13.0525 5.44
20190412153344 13.11 5.44
20190412153345 12.8225 5.44
20190412153346 13.1675 5.43
20190412153347 13.1675 5.44
20190412153348 12.995 5.44
20190412153350 12.9375 5.43
20190412153351 13.225 5.44
20190412153352 13.0525 5.44
20190412153353 13.0525 5.43
20190412153354 12.8225 5.44
20190412153355 13.11 5.43
20190412153356 13.11 5.43
20190412153357 12.9375 5.43
20190412153358 12.88 5.43
20190412153359 13.225 5.43
20190412153400 12.995 5.43
20190412153401 12.995 5.43
20190412153402 13.11 5.44
20190412153403 13.0525 5.43
20190412153404 13.11 5.43
20190412153405 12.9375 5.43
20190412153406 12.88 5.43
20190412153407 13.1675 5.43
20190412153409 12.995 5.43
20190412153410 12.995 5.43
20190412153411 13.0525 5.43
20190412153412 13.0525 5.43
20190412153413 13.11 5.44
20190412153414 12.8225 5.43
20190412153415 13.1675 5.43
20190412153416 13.1675 5.44
20190412153417 12.9375 5.43
20190412153418 12.9375 5.43
20190412153419 13.0525 5.43
20190412153420 13.11 5.43
20190412153421 12.995 5.43
20190412153422 12.8225 5.43
20190412153423 13.11 5.43
20190412153424 13.11 5.44
20190412153425 12.88 5.43
20190412153426 13.225 5.43
20190412153428 12.995 5.43
20190412153429 12.995 5.43
20190412153430 13.0525 5.43
20190412153431 13.0525 5.43
20190412153432 13.11 5.43
20190412153433 13.11 5.44
20190412153434 12.9375 5.44
20190412153435 13.225 5.43
20190412153436 12.995 5.43
20190412153437 12.995 5.43
20190412153438 12.995 5.44
20190412153439 13.0525 5.43
20190412153440 13.11 5.43
20190412153441 12.995 5.43
20190412153442 13.225 5.43
20190412153443 13.11 5.44
20190412153444 12.9375 5.44
20190412153445 13.0525 5.43
20190412153447 12.88 5.43
20190412153448 13.0525 5.43
20190412153449 13.11 5.43
20190412153450 12.995 5.43
20190412153451 13.225 5.43
20190412153452 13.0525 5.43
20190412153453 12.9375 5.43
20190412153454 12.995 5.44
20190412153455 13.225 5.43
20190412153456 12.995 5.43
20190412153457 13.0525 5.43
20190412153458 12.8225 5.43
20190412153459 13.11 5.42
20190412153500 13.11 5.43
20190412153501 12.88 5.43
20190412153502 12.88 5.43
20190412153503 13.225 5.43
20190412153504 12.995 5.43
20190412153506 12.88 5.42
20190412153507 13.11 5.43
20190412153508 13.0525 5.44
20190412153509 13.11 5.43
20190412153510 12.9375 5.43
20190412153511 13.11 5.43
20190412153512 13.1675 5.42
20190412153513 12.995 5.42
20190412153514 12.9375 5.43
20190412153515 13.11 5.43
20190412153516 12.9375 5.43
20190412153517 13.0525 5.43
20190412153518 12.9375 5.43
20190412153519 13.0525 5.43
20190412153520 13.11 5.43
20190412153521 13.0525 5.43
20190412153522 13.1675 5.43
20190412153523 13.1675 5.42
20190412153525 12.9375 5.43
20190412153526 12.9375 5.43
