10.000 0.218
20.000 0.463
30.000 0.348
40.000 0.807
50.000 2.322
60.000 2.079
70.000 2.442
80.000 1.994
90.000 1.366
100.000 1.667
110.000 1.341
120.000 1.112
130.000 0.849
140.000 1.472
150.000 1.314
160.000 1.321
170.000 1.810
180.000 1.354
190.000 1.496
200.000 1.876
210.000 2.380
220.000 3.173
230.000 3.715
240.000 6.078
250.000 10.029
260.000 12.798
270.000 9.538
280.000 6.922
290.000 4.868
300.000 4.319
310.000 3.777
320.000 3.516
330.000 3.507
340.000 3.023
350.000 3.569
360.000 3.447
370.000 6.467
380.000 5.148
390.000 4.381
400.000 5.375
410.000 6.081
420.000 7.431
430.000 8.394
440.000 10.389
450.000 14.020
460.000 15.963
470.000 21.795
480.000 25.462
490.000 41.610
500.000 73.418
510.000 94.289
520.000 45.774
530.000 31.829
540.000 19.254
550.000 13.429
560.000 11.861
570.000 10.727
580.000 8.976
590.000 8.174
600.000 7.327
610.000 6.674
620.000 5.819
630.000 6.221
640.000 5.192
650.000 5.457
660.000 9.752
670.000 6.536
680.000 6.665
690.000 5.855
700.000 6.756
710.000 7.984
720.000 10.273
730.000 11.885
740.000 19.897
750.000 25.031
760.000 24.015
770.000 9.348
780.000 7.606
790.000 5.160
800.000 4.646
810.000 3.767
820.000 2.395
830.000 2.699
840.000 2.572
850.000 2.085
860.000 2.030
870.000 1.706
880.000 1.872
890.000 1.467
900.000 1.506
910.000 1.504
920.000 1.411
930.000 1.559
940.000 2.004
950.000 2.145
960.000 2.858
970.000 4.158
980.000 4.923
990.000 7.697
1000.000 7.716
1010.000 3.126
1020.000 1.814
1030.000 1.639
1040.000 1.326
1050.000 1.199
1060.000 0.858
1070.000 0.831
1080.000 0.871
1090.000 1.175
1100.000 0.885
1110.000 0.897
1120.000 0.972
1130.000 0.892
1140.000 0.976
1150.000 1.076
1160.000 1.296
1170.000 1.645
1180.000 1.810
1190.000 2.461
1200.000 3.015
1210.000 5.091
1220.000 7.826
1230.000 7.428
1240.000 3.561
1250.000 2.841
1260.000 2.187
1270.000 1.777
1280.000 1.665
1290.000 1.451
1300.000 1.398
1310.000 1.241
1320.000 1.259
1330.000 1.260
1340.000 1.226
1350.000 1.345
1360.000 1.340
1370.000 1.360
1380.000 1.463
1390.000 1.561
1400.000 1.601
1410.000 1.786
1420.000 2.166
1430.000 2.260
1440.000 2.864
1450.000 3.204
1460.000 4.563
1470.000 6.915
1480.000 8.988
1490.000 12.832
1500.000 12.085
1510.000 6.584
1520.000 4.149
1530.000 3.950
1540.000 3.222
1550.000 3.104
1560.000 2.689
1570.000 2.638
1580.000 2.483
1590.000 2.221
1600.000 2.595
1610.000 2.468
1620.000 2.700
1630.000 2.509
1640.000 2.772
1650.000 2.888
1660.000 3.397
1670.000 4.027
1680.000 4.541
1690.000 6.454
1700.000 8.081
1710.000 11.640
1720.000 10.561
1730.000 8.388
1740.000 6.188
1750.000 5.526
1760.000 4.755
1770.000 4.432
1780.000 4.135
1790.000 3.913
1800.000 3.835
1810.000 3.826
1820.000 3.853
1830.000 4.074
1840.000 4.252
1850.000 4.494
1860.000 5.109
1870.000 5.570
1880.000 6.792
1890.000 8.880
1900.000 10.345
1910.000 14.563
1920.000 16.810
1930.000 17.343
1940.000 11.531
1950.000 9.579
1960.000 7.199
1970.000 6.503
1980.000 5.467
1990.000 4.931
2000.000 4.701
2010.000 4.433
2020.000 4.349
2030.000 4.451
2040.000 4.485
2050.000 4.566
2060.000 5.120
2070.000 5.425
2080.000 6.487
2090.000 8.182
2100.000 9.559
2110.000 13.030
2120.000 14.394
2130.000 12.226
2140.000 7.520
2150.000 6.315
2160.000 4.652
2170.000 4.175
2180.000 3.452
2190.000 3.022
2200.000 2.989
2210.000 2.932
2220.000 2.932
2230.000 3.270
2240.000 3.965
2250.000 4.486
2260.000 5.561
2270.000 5.389
2280.000 2.691
2290.000 1.450
2300.000 1.175
2310.000 0.786
2320.000 0.648
2330.000 0.508
2340.000 0.418
2350.000 0.308
2360.000 0.271
2370.000 0.242
2380.000 0.196
2390.000 0.127
2400.000 0.140
2410.000 0.115
2420.000 0.121
2430.000 0.171
2440.000 0.087
2450.000 0.094
2460.000 0.136
2470.000 0.067
2480.000 0.054
2490.000 0.111
2500.000 0.071
2510.000 0.108
2520.000 0.066
2530.000 0.115
2540.000 0.089
2550.000 0.067
2560.000 0.068
2570.000 0.076
2580.000 0.117
2590.000 0.111
2600.000 0.104
2610.000 0.073
2620.000 0.096
2630.000 0.092
2640.000 0.079
2650.000 0.041
2660.000 0.106
2670.000 0.091
2680.000 0.050
2690.000 0.085
2700.000 0.047
2710.000 0.097
2720.000 0.062
2730.000 0.069
2740.000 0.041
2750.000 0.042
2760.000 0.075
2770.000 0.063
2780.000 0.083
2790.000 0.110
2800.000 0.066
2810.000 0.066
2820.000 0.055
2830.000 0.063
2840.000 0.068
2850.000 0.073
2860.000 0.084
2870.000 0.093
2880.000 0.077
2890.000 0.066
2900.000 0.078
2910.000 0.071
2920.000 0.081
2930.000 0.043
2940.000 0.093
2950.000 0.134
2960.000 0.084
2970.000 0.057
2980.000 0.062
2990.000 0.062
3000.000 0.072
3010.000 0.093
3020.000 0.077
3030.000 0.061
3040.000 0.061
3050.000 0.040
3060.000 0.060
3070.000 0.074
3080.000 0.063
3090.000 0.094
3100.000 0.113
3110.000 0.095
3120.000 0.091
3130.000 0.079
3140.000 0.128
3150.000 0.114
3160.000 0.135
3170.000 0.142
3180.000 0.165
3190.000 0.163
3200.000 0.203
3210.000 0.277
3220.000 0.306
3230.000 0.340
3240.000 0.332
3250.000 0.474
3260.000 0.576
3270.000 0.759
3280.000 1.051
3290.000 1.251
3300.000 1.934
3310.000 3.219
3320.000 4.301
3330.000 8.508
3340.000 11.908
3350.000 18.385
3360.000 14.496
3370.000 14.001
3380.000 15.283
3390.000 17.161
3400.000 23.819
3410.000 30.377
3420.000 28.231
3430.000 16.804
3440.000 14.032
3450.000 11.026
3460.000 9.708
3470.000 9.432
3480.000 9.454
3490.000 9.766
3500.000 10.901
3510.000 13.365
3520.000 15.438
3530.000 21.820
3540.000 25.351
3550.000 25.835
3560.000 15.691
3570.000 12.782
3580.000 9.525
3590.000 8.453
3600.000 7.189
3610.000 6.493
3620.000 6.293
3630.000 6.106
3640.000 6.095
3650.000 6.396
3660.000 7.110
3670.000 7.578
3680.000 9.211
3690.000 10.485
3700.000 14.543
3710.000 20.916
3720.000 23.471
3730.000 18.224
3740.000 13.596
3750.000 9.141
3760.000 7.036
3770.000 6.390
3780.000 5.479
3790.000 5.233
3800.000 4.852
3810.000 4.693
3820.000 4.712
3830.000 4.888
3840.000 5.034
3850.000 5.632
3860.000 6.681
3870.000 7.489
3880.000 9.908
3890.000 11.801
3900.000 15.926
3910.000 14.650
3920.000 11.311
3930.000 7.345
3940.000 6.254
3950.000 4.906
3960.000 4.148
3970.000 3.926
3980.000 3.590
3990.000 3.511
4000.000 3.502
4010.000 3.637
4020.000 3.788
4030.000 4.328
4040.000 4.829
4050.000 6.297
4060.000 8.589
4070.000 9.500
4080.000 7.244
4090.000 5.197
4100.000 3.251
4110.000 2.290
4120.000 1.964
4130.000 1.583
4140.000 1.407
4150.000 1.210
4160.000 1.110
4170.000 0.958
4180.000 0.898
4190.000 0.836
4200.000 0.768
4210.000 0.772
4220.000 0.725
4230.000 0.669
4240.000 0.662
4250.000 0.651
4260.000 0.612
4270.000 0.653
4280.000 0.671
4290.000 0.689
4300.000 0.751
4310.000 0.816
4320.000 0.916
4330.000 1.119
4340.000 1.192
4350.000 1.505
4360.000 1.756
4370.000 2.429
4380.000 3.580
4390.000 4.290
4400.000 4.786
4410.000 4.106
4420.000 2.824
4430.000 2.217
4440.000 2.016
4450.000 1.833
4460.000 1.787
4470.000 1.808
4480.000 1.889
4490.000 1.995
4500.000 2.326
4510.000 2.509
4520.000 3.289
4530.000 4.657
4540.000 5.533
4550.000 6.132
4560.000 5.305
4570.000 3.422
4580.000 2.576
4590.000 2.342
4600.000 2.036
4610.000 1.953
4620.000 1.832
4630.000 1.869
4640.000 1.872
4650.000 2.083
4660.000 2.221
4670.000 2.634
4680.000 3.358
4690.000 3.866
4700.000 4.887
4710.000 4.961
4720.000 3.265
4730.000 2.064
4740.000 1.741
4750.000 1.343
4760.000 1.241
4770.000 1.081
4780.000 1.026
4790.000 1.061
4800.000 1.196
4810.000 1.356
4820.000 1.762
4830.000 2.268
4840.000 2.396
4850.000 1.777
4860.000 1.470
4870.000 1.131
4880.000 0.999
4890.000 0.981
4900.000 1.003
4910.000 1.037
4920.000 1.191
4930.000 1.085
4940.000 0.841
4950.000 0.458
4960.000 0.378
4970.000 0.223
4980.000 0.162
4990.000 0.157
5000.000 0.108
5010.000 0.072
5020.000 0.066
5030.000 0.072
5040.000 0.055
5050.000 0.049
5060.000 0.054
5070.000 0.061
5080.000 0.046
5090.000 0.046
5100.000 0.040
5110.000 0.064
5120.000 0.051
5130.000 0.051
5140.000 0.036
5150.000 0.054
5160.000 0.108
5170.000 0.033
5180.000 0.051
5190.000 0.084
5200.000 0.041
5210.000 0.078
5220.000 0.031
5230.000 0.062
5240.000 0.043
5250.000 0.054
5260.000 0.033
5270.000 0.053
5280.000 0.063
5290.000 0.057
5300.000 0.038
5310.000 0.069
5320.000 0.040
5330.000 0.045
5340.000 0.047
5350.000 0.062
5360.000 0.083
5370.000 0.057
5380.000 0.062
5390.000 0.045
5400.000 0.079
5410.000 0.045
5420.000 0.046
5430.000 0.056
5440.000 0.050
5450.000 0.075
5460.000 0.060
5470.000 0.068
5480.000 0.059
5490.000 0.035
5500.000 0.073
5510.000 0.066
5520.000 0.051
5530.000 0.060
5540.000 0.076
5550.000 0.039
5560.000 0.061
5570.000 0.070
5580.000 0.052
5590.000 0.058
5600.000 0.048
5610.000 0.072
5620.000 0.046
5630.000 0.058
5640.000 0.026
5650.000 0.058
5660.000 0.068
5670.000 0.047
5680.000 0.063
5690.000 0.036
5700.000 0.038
5710.000 0.057
5720.000 0.062
5730.000 0.096
5740.000 0.045
5750.000 0.053
5760.000 0.045
5770.000 0.070
5780.000 0.049
5790.000 0.098
5800.000 0.054
5810.000 0.062
5820.000 0.057
5830.000 0.042
5840.000 0.044
5850.000 0.065
5860.000 0.062
5870.000 0.058
5880.000 0.065
5890.000 0.057
5900.000 0.082
5910.000 0.086
5920.000 0.047
5930.000 0.068
5940.000 0.046
5950.000 0.038
5960.000 0.057
5970.000 0.044
5980.000 0.089
5990.000 0.049
6000.000 0.060
6010.000 0.045
6020.000 0.053
6030.000 0.046
6040.000 0.033
6050.000 0.050
6060.000 0.050
6070.000 0.076
6080.000 0.059
6090.000 0.065
6100.000 0.061
6110.000 0.063
6120.000 0.057
6130.000 0.100
6140.000 0.061
6150.000 0.046
6160.000 0.041
6170.000 0.058
6180.000 0.045
6190.000 0.057
6200.000 0.056
6210.000 0.058
6220.000 0.082
6230.000 0.034
6240.000 0.057
6250.000 0.041
6260.000 0.044
6270.000 0.048
6280.000 0.046
6290.000 0.068
6300.000 0.066
6310.000 0.054
6320.000 0.081
6330.000 0.035
6340.000 0.066
6350.000 0.048
6360.000 0.054
6370.000 0.077
6380.000 0.058
6390.000 0.062
6400.000 0.059
6410.000 0.057
6420.000 0.054
6430.000 0.047
6440.000 0.039
6450.000 0.047
6460.000 0.057
6470.000 0.044
6480.000 0.068
6490.000 0.046
6500.000 0.070
6510.000 0.046
6520.000 0.062
6530.000 0.086
6540.000 0.093
6550.000 0.097
6560.000 0.137
6570.000 0.167
6580.000 0.174
6590.000 0.269
6600.000 0.332
6610.000 0.569
6620.000 0.992
6630.000 1.323
6640.000 2.766
6650.000 3.977
6660.000 7.851
6670.000 10.694
6680.000 11.183
6690.000 14.162
6700.000 16.754
6710.000 21.019
6720.000 16.228
6730.000 13.756
6740.000 11.597
6750.000 11.413
6760.000 12.184
6770.000 14.700
6780.000 16.715
6790.000 21.430
6800.000 22.618
6810.000 18.383
6820.000 13.248
6830.000 11.813
6840.000 10.223
6850.000 9.844
6860.000 9.834
6870.000 10.724
6880.000 11.549
6890.000 14.509
6900.000 16.782
6910.000 22.420
6920.000 23.098
6930.000 19.206
6940.000 12.703
6950.000 10.931
6960.000 8.838
6970.000 7.838
6980.000 7.563
6990.000 7.464
7000.000 7.605
7010.000 8.340
7020.000 9.839
7030.000 11.030
7040.000 14.232
7050.000 16.041
7060.000 16.803
7070.000 12.204
7080.000 10.237
7090.000 7.629
7100.000 6.931
7110.000 6.022
7120.000 5.797
7130.000 5.659
7140.000 5.885
7150.000 6.181
7160.000 7.171
7170.000 7.930
7180.000 9.457
7190.000 8.713
7200.000 7.132
7210.000 4.474
7220.000 3.684
7230.000 2.671
7240.000 2.060
7250.000 1.861
7260.000 1.616
7270.000 1.445
7280.000 1.252
7290.000 1.162
7300.000 1.126
7310.000 1.071
7320.000 1.014
7330.000 0.992
7340.000 0.975
7350.000 1.066
7360.000 1.057
7370.000 1.110
7380.000 1.218
7390.000 1.372
7400.000 1.430
7410.000 1.737
7420.000 1.944
7430.000 2.490
7440.000 3.436
7450.000 4.081
7460.000 5.840
7470.000 6.581
7480.000 6.586
7490.000 5.160
7500.000 4.623
7510.000 4.021
7520.000 3.897
7530.000 3.886
7540.000 4.211
7550.000 4.514
7560.000 5.528
7570.000 6.268
7580.000 7.808
7590.000 7.877
7600.000 6.813
7610.000 4.870
7620.000 4.239
7630.000 3.496
7640.000 3.139
7650.000 3.052
7660.000 3.108
7670.000 3.160
7680.000 3.607
7690.000 4.427
7700.000 4.940
7710.000 5.497
7720.000 5.238
7730.000 3.814
7740.000 2.811
7750.000 2.529
7760.000 2.229
7770.000 2.185
7780.000 2.150
7790.000 2.344
7800.000 2.500
7810.000 2.675
7820.000 2.552
7830.000 1.828
7840.000 1.279
7850.000 1.129
7860.000 0.971
7870.000 0.912
7880.000 0.775
7890.000 0.500
7900.000 0.355
7910.000 0.209
7920.000 0.166
7930.000 0.086
7940.000 0.110
7950.000 0.097
7960.000 0.084
7970.000 0.086
7980.000 0.056
7990.000 0.058
8000.000 0.042
8010.000 0.084
8020.000 0.046
8030.000 0.057
8040.000 0.060
8050.000 0.057
8060.000 0.073
8070.000 0.062
8080.000 0.071
8090.000 0.029
8100.000 0.074
8110.000 0.052
8120.000 0.065
8130.000 0.049
8140.000 0.090
8150.000 0.036
8160.000 0.063
8170.000 0.070
8180.000 0.044
8190.000 0.058
8200.000 0.045
8210.000 0.044
8220.000 0.088
8230.000 0.049
8240.000 0.062
8250.000 0.042
8260.000 0.061
8270.000 0.078
8280.000 0.062
8290.000 0.075
8300.000 0.046
8310.000 0.058
8320.000 0.077
8330.000 0.044
8340.000 0.080
8350.000 0.072
8360.000 0.048
8370.000 0.053
8380.000 0.051
8390.000 0.048
8400.000 0.075
8410.000 0.071
8420.000 0.085
8430.000 0.037
8440.000 0.065
8450.000 0.072
8460.000 0.049
8470.000 0.047
8480.000 0.096
8490.000 0.049
8500.000 0.051
8510.000 0.040
8520.000 0.055
8530.000 0.083
8540.000 0.026
8550.000 0.052
8560.000 0.051
8570.000 0.049
8580.000 0.063
8590.000 0.057
8600.000 0.068
8610.000 0.053
8620.000 0.071
8630.000 0.044
8640.000 0.041
8650.000 0.059
8660.000 0.035
8670.000 0.060
8680.000 0.050
8690.000 0.043
8700.000 0.057
8710.000 0.079
8720.000 0.056
8730.000 0.047
8740.000 0.038
8750.000 0.049
8760.000 0.061
8770.000 0.056
8780.000 0.088
8790.000 0.067
8800.000 0.067
8810.000 0.047
8820.000 0.059
8830.000 0.090
8840.000 0.060
8850.000 0.058
8860.000 0.050
8870.000 0.064
8880.000 0.058
8890.000 0.050
8900.000 0.066
8910.000 0.033
8920.000 0.055
8930.000 0.086
8940.000 0.038
8950.000 0.094
8960.000 0.060
8970.000 0.056
8980.000 0.048
8990.000 0.028
9000.000 0.065
9010.000 0.045
9020.000 0.046
9030.000 0.038
9040.000 0.035
9050.000 0.063
9060.000 0.064
9070.000 0.058
9080.000 0.046
9090.000 0.038
9100.000 0.052
9110.000 0.026
9120.000 0.065
9130.000 0.048
9140.000 0.032
9150.000 0.049
9160.000 0.070
9170.000 0.056
9180.000 0.062
9190.000 0.028
9200.000 0.059
9210.000 0.052
9220.000 0.052
9230.000 0.073
9240.000 0.056
9250.000 0.058
9260.000 0.056
9270.000 0.071
9280.000 0.097
9290.000 0.057
9300.000 0.042
9310.000 0.046
9320.000 0.045
9330.000 0.063
9340.000 0.038
9350.000 0.052
9360.000 0.055
9370.000 0.043
9380.000 0.094
9390.000 0.065
9400.000 0.069
9410.000 0.050
9420.000 0.033
9430.000 0.051
9440.000 0.082
9450.000 0.047
9460.000 0.054
9470.000 0.042
9480.000 0.051
9490.000 0.059
9500.000 0.058
9510.000 0.075
9520.000 0.050
9530.000 0.029
9540.000 0.051
9550.000 0.055
9560.000 0.036
9570.000 0.032
9580.000 0.050
9590.000 0.055
9600.000 0.050
9610.000 0.041
9620.000 0.050
9630.000 0.035
9640.000 0.049
9650.000 0.063
9660.000 0.036
9670.000 0.033
9680.000 0.036
9690.000 0.084
9700.000 0.051
9710.000 0.045
9720.000 0.070
9730.000 0.060
9740.000 0.032
9750.000 0.061
9760.000 0.056
9770.000 0.034
9780.000 0.046
9790.000 0.046
9800.000 0.042
9810.000 0.070
9820.000 0.047
9830.000 0.041
9840.000 0.037
9850.000 0.072
9860.000 0.072
9870.000 0.063
9880.000 0.174
9890.000 0.265
9900.000 0.495
9910.000 0.734
9920.000 1.513
9930.000 2.840
9940.000 3.410
9950.000 4.223
9960.000 4.763
9970.000 6.350
9980.000 7.114
9990.000 6.633
10000.000 5.648
10010.000 5.508
10020.000 5.873
10030.000 7.069
10040.000 7.984
10050.000 10.029
10060.000 10.480
10070.000 8.719
10080.000 6.864
10090.000 6.355
10100.000 5.944
10110.000 5.999
10120.000 6.496
10130.000 7.723
10140.000 8.568
10150.000 10.274
10160.000 10.510
10170.000 8.762
10180.000 6.565
10190.000 5.884
10200.000 5.066
10210.000 4.872
10220.000 4.709
10230.000 5.016
10240.000 5.322
10250.000 6.286
10260.000 6.974
10270.000 8.204
10280.000 7.565
10290.000 6.482
10300.000 4.630
10310.000 4.008
10320.000 3.216
10330.000 2.804
10340.000 2.645
10350.000 2.528
10360.000 2.522
10370.000 2.596
10380.000 2.881
10390.000 3.050
10400.000 3.578
10410.000 3.914
10420.000 4.301
10430.000 3.829
10440.000 3.354
10450.000 2.487
10460.000 2.148
10470.000 1.724
10480.000 1.485
10490.000 1.385
10500.000 1.258
10510.000 1.233
10520.000 1.213
10530.000 1.219
10540.000 1.239
10550.000 1.324
10560.000 1.364
10570.000 1.522
10580.000 1.730
10590.000 1.829
10600.000 2.079
10610.000 2.271
10620.000 2.971
10630.000 3.810
10640.000 4.064
10650.000 3.998
10660.000 3.738
10670.000 3.308
10680.000 3.223
10690.000 3.085
10700.000 3.257
10710.000 3.404
10720.000 3.974
10730.000 4.263
10740.000 4.915
10750.000 4.738
10760.000 4.272
10770.000 3.368
10780.000 2.998
10790.000 2.612
10800.000 2.419
10810.000 2.376
10820.000 2.508
10830.000 2.575
10840.000 2.869
10850.000 3.158
10860.000 3.256
10870.000 2.881
10880.000 2.583
10890.000 2.030
10900.000 1.752
10910.000 1.700
10920.000 1.622
10930.000 1.696
10940.000 1.744
10950.000 1.683
10960.000 1.537
10970.000 1.161
10980.000 0.959
10990.000 0.741
11000.000 0.578
11010.000 0.528
11020.000 0.329
11030.000 0.260
11040.000 0.103
11050.000 0.091
11060.000 0.088
11070.000 0.078
11080.000 0.076
11090.000 0.049
11100.000 0.074
11110.000 0.054
11120.000 0.062
11130.000 0.051
11140.000 0.076
11150.000 0.046
11160.000 0.039
11170.000 0.039
11180.000 0.042
11190.000 0.058
11200.000 0.023
11210.000 0.055
11220.000 0.049
11230.000 0.052
11240.000 0.027
11250.000 0.030
11260.000 0.040
11270.000 0.041
11280.000 0.060
11290.000 0.048
11300.000 0.043
11310.000 0.044
11320.000 0.079
11330.000 0.055
11340.000 0.049
11350.000 0.034
11360.000 0.054
11370.000 0.058
11380.000 0.060
11390.000 0.065
11400.000 0.071
11410.000 0.031
11420.000 0.058
11430.000 0.055
11440.000 0.049
11450.000 0.033
11460.000 0.043
11470.000 0.035
11480.000 0.040
11490.000 0.045
11500.000 0.032
11510.000 0.036
11520.000 0.054
11530.000 0.046
11540.000 0.032
11550.000 0.067
11560.000 0.055
11570.000 0.077
11580.000 0.053
11590.000 0.055
11600.000 0.039
11610.000 0.040
11620.000 0.075
11630.000 0.055
11640.000 0.020
11650.000 0.046
11660.000 0.033
11670.000 0.043
11680.000 0.058
11690.000 0.049
11700.000 0.042
11710.000 0.053
11720.000 0.039
11730.000 0.036
11740.000 0.041
11750.000 0.054
11760.000 0.055
11770.000 0.047
11780.000 0.032
11790.000 0.070
11800.000 0.063
11810.000 0.060
11820.000 0.040
11830.000 0.047
11840.000 0.045
11850.000 0.042
11860.000 0.023
11870.000 0.051
11880.000 0.040
11890.000 0.048
11900.000 0.050
11910.000 0.047
11920.000 0.056
11930.000 0.058
11940.000 0.035
11950.000 0.055
11960.000 0.062
11970.000 0.049
11980.000 0.044
11990.000 0.051
12000.000 0.053
