5002.000 4.679
5004.000 4.731
5006.000 4.789
5008.000 4.816
5010.000 4.805
5012.000 4.859
5014.000 4.942
5016.000 4.951
5018.000 5.013
5020.000 5.014
5022.000 5.066
5024.000 5.126
5026.000 5.177
5028.000 5.219
5030.000 5.210
5032.000 5.303
5034.000 5.330
5036.000 5.319
5038.000 5.423
5040.000 5.442
5042.000 5.477
5044.000 5.505
5046.000 5.532
5048.000 5.561
5050.000 5.615
5052.000 5.653
5054.000 5.668
5056.000 5.722
5058.000 5.727
5060.000 5.763
5062.000 5.824
5064.000 5.811
5066.000 5.822
5068.000 5.894
5070.000 5.883
5072.000 5.919
5074.000 5.953
5076.000 5.949
5078.000 6.016
5080.000 6.036
5082.000 6.066
5084.000 6.065
5086.000 6.074
5088.000 6.093
5090.000 6.105
5092.000 6.164
5094.000 6.133
5096.000 6.151
5098.000 6.176
5100.000 6.223
5102.000 6.228
5104.000 6.232
5106.000 6.213
5108.000 6.249
5110.000 6.263
5112.000 6.264
5114.000 6.276
5116.000 6.295
5118.000 6.303
5120.000 6.307
5122.000 6.307
5124.000 6.301
5126.000 6.328
5128.000 6.317
5130.000 6.342
5132.000 6.306
5134.000 6.322
5136.000 6.362
5138.000 6.329
5140.000 6.342
5142.000 6.328
5144.000 6.320
5146.000 6.339
5148.000 6.327
5150.000 6.321
5152.000 6.316
5154.000 6.335
5156.000 6.289
5158.000 6.296
5160.000 6.272
5162.000 6.309
5164.000 6.275
5166.000 6.265
5168.000 6.235
5170.000 6.297
5172.000 6.260
5174.000 6.246
5176.000 6.230
5178.000 6.239
5180.000 6.208
5182.000 6.181
5184.000 6.192
5186.000 6.168
5188.000 6.184
5190.000 6.160
5192.000 6.115
5194.000 6.177
5196.000 6.135
5198.000 6.093
5200.000 6.105
5202.000 6.072
5204.000 6.090
5206.000 6.058
5208.000 6.065
5210.000 6.035
5212.000 6.014
5214.000 6.062
5216.000 6.001
5218.000 5.954
5220.000 5.959
5222.000 5.944
5224.000 5.943
5226.000 5.910
5228.000 5.913
5230.000 5.908
5232.000 5.907
5234.000 5.875
5236.000 5.861
5238.000 5.865
5240.000 5.864
5242.000 5.813
5244.000 5.787
5246.000 5.801
5248.000 5.770
5250.000 5.784
5252.000 5.758
5254.000 5.721
5256.000 5.702
5258.000 5.719
5260.000 5.726
5262.000 5.734
5264.000 5.649
5266.000 5.651
5268.000 5.618
5270.000 5.642
5272.000 5.625
5274.000 5.632
5276.000 5.570
5278.000 5.585
5280.000 5.555
5282.000 5.530
5284.000 5.514
5286.000 5.520
5288.000 5.480
5290.000 5.523
5292.000 5.484
5294.000 5.518
5296.000 5.444
5298.000 5.460
5300.000 5.419
5302.000 5.445
5304.000 5.427
5306.000 5.395
5308.000 5.378
5310.000 5.387
5312.000 5.332
5314.000 5.339
5316.000 5.339
5318.000 5.357
5320.000 5.312
5322.000 5.307
5324.000 5.282
5326.000 5.287
5328.000 5.239
5330.000 5.257
5332.000 5.270
5334.000 5.252
5336.000 5.194
5338.000 5.224
5340.000 5.231
5342.000 5.177
5344.000 5.125
5346.000 5.153
5348.000 5.179
5350.000 5.157
5352.000 5.146
5354.000 5.105
5356.000 5.117
5358.000 5.102
5360.000 5.073
5362.000 5.060
5364.000 5.084
5366.000 5.065
5368.000 5.063
5370.000 5.011
5372.000 5.010
5374.000 5.014
5376.000 5.026
5378.000 5.007
5380.000 5.015
5382.000 4.977
5384.000 4.962
5386.000 4.953
5388.000 4.945
5390.000 4.944
5392.000 4.898
5394.000 4.915
5396.000 4.914
5398.000 4.879
5400.000 4.861
5402.000 4.870
5404.000 4.845
5406.000 4.875
5408.000 4.874
5410.000 4.852
5412.000 4.814
5414.000 4.843
5416.000 4.802
5418.000 4.841
5420.000 4.761
5422.000 4.799
5424.000 4.798
5426.000 4.799
5428.000 4.770
5430.000 4.739
5432.000 4.775
5434.000 4.776
5436.000 4.705
5438.000 4.773
5440.000 4.748
5442.000 4.714
5444.000 4.699
5446.000 4.685
5448.000 4.684
5450.000 4.676
5452.000 4.680
5454.000 4.639
5456.000 4.664
5458.000 4.688
5460.000 4.628
5462.000 4.647
5464.000 4.624
5466.000 4.654
5468.000 4.605
5470.000 4.605
5472.000 4.628
5474.000 4.605
5476.000 4.582
5478.000 4.628
5480.000 4.586
5482.000 4.570
5484.000 4.549
5486.000 4.592
5488.000 4.509
5490.000 4.541
5492.000 4.552
5494.000 4.507
5496.000 4.461
5498.000 4.510
5500.000 4.542
5502.000 4.476
5504.000 4.531
5506.000 4.505
5508.000 4.545
5510.000 4.502
5512.000 4.475
5514.000 4.487
5516.000 4.465
5518.000 4.455
5520.000 4.446
5522.000 4.471
5524.000 4.466
5526.000 4.425
5528.000 4.506
5530.000 4.456
5532.000 4.452
5534.000 4.425
5536.000 4.413
5538.000 4.441
5540.000 4.390
5542.000 4.399
5544.000 4.397
5546.000 4.422
5548.000 4.378
5550.000 4.361
5552.000 4.422
5554.000 4.420
5556.000 4.367
5558.000 4.347
5560.000 4.374
5562.000 4.390
5564.000 4.361
5566.000 4.343
5568.000 4.380
5570.000 4.347
5572.000 4.337
5574.000 4.352
5576.000 4.375
5578.000 4.324
5580.000 4.330
5582.000 4.324
5584.000 4.348
5586.000 4.326
5588.000 4.333
5590.000 4.355
5592.000 4.310
5594.000 4.345
5596.000 4.321
5598.000 4.329
5600.000 4.311
5602.000 4.349
5604.000 4.307
5606.000 4.287
5608.000 4.308
5610.000 4.296
5612.000 4.294
5614.000 4.288
5616.000 4.258
5618.000 4.289
5620.000 4.264
5622.000 4.300
5624.000 4.268
5626.000 4.267
5628.000 4.265
5630.000 4.280
5632.000 4.264
5634.000 4.271
5636.000 4.256
5638.000 4.275
5640.000 4.233
5642.000 4.209
5644.000 4.261
5646.000 4.240
5648.000 4.230
5650.000 4.241
5652.000 4.216
5654.000 4.287
5656.000 4.237
5658.000 4.239
5660.000 4.239
5662.000 4.200
5664.000 4.193
5666.000 4.175
5668.000 4.260
5670.000 4.188
5672.000 4.207
5674.000 4.216
5676.000 4.193
5678.000 4.223
5680.000 4.204
5682.000 4.174
5684.000 4.194
5686.000 4.176
5688.000 4.182
5690.000 4.183
5692.000 4.217
5694.000 4.203
5696.000 4.204
5698.000 4.187
5700.000 4.178
5702.000 4.198
5704.000 4.167
5706.000 4.199
5708.000 4.156
5710.000 4.200
5712.000 4.156
5714.000 4.154
5716.000 4.175
5718.000 4.183
5720.000 4.173
5722.000 4.165
5724.000 4.187
5726.000 4.140
5728.000 4.186
5730.000 4.180
5732.000 4.196
5734.000 4.199
5736.000 4.177
5738.000 4.192
5740.000 4.196
5742.000 4.184
5744.000 4.169
5746.000 4.162
5748.000 4.153
5750.000 4.167
5752.000 4.171
5754.000 4.160
5756.000 4.185
5758.000 4.204
5760.000 4.203
5762.000 4.180
5764.000 4.169
5766.000 4.157
5768.000 4.172
5770.000 4.163
5772.000 4.181
5774.000 4.150
5776.000 4.167
5778.000 4.195
5780.000 4.138
5782.000 4.183
5784.000 4.168
5786.000 4.178
5788.000 4.190
5790.000 4.184
5792.000 4.213
5794.000 4.181
5796.000 4.190
5798.000 4.206
5800.000 4.215
5802.000 4.166
5804.000 4.216
5806.000 4.205
5808.000 4.186
5810.000 4.221
5812.000 4.210
5814.000 4.251
5816.000 4.223
5818.000 4.159
5820.000 4.219
5822.000 4.202
5824.000 4.215
5826.000 4.207
5828.000 4.227
5830.000 4.189
5832.000 4.219
5834.000 4.223
5836.000 4.226
5838.000 4.215
5840.000 4.233
5842.000 4.231
5844.000 4.247
5846.000 4.253
5848.000 4.251
5850.000 4.274
5852.000 4.248
5854.000 4.227
5856.000 4.219
5858.000 4.273
5860.000 4.263
5862.000 4.241
5864.000 4.257
5866.000 4.232
5868.000 4.253
5870.000 4.238
5872.000 4.280
5874.000 4.274
5876.000 4.240
5878.000 4.262
5880.000 4.289
5882.000 4.251
5884.000 4.242
5886.000 4.256
5888.000 4.330
5890.000 4.276
5892.000 4.293
5894.000 4.290
5896.000 4.311
5898.000 4.307
5900.000 4.296
5902.000 4.306
5904.000 4.318
5906.000 4.279
5908.000 4.310
5910.000 4.310
5912.000 4.303
5914.000 4.322
5916.000 4.313
5918.000 4.304
5920.000 4.323
5922.000 4.317
5924.000 4.360
5926.000 4.341
5928.000 4.351
5930.000 4.354
5932.000 4.348
5934.000 4.332
5936.000 4.347
5938.000 4.373
5940.000 4.342
5942.000 4.368
5944.000 4.350
5946.000 4.386
5948.000 4.381
5950.000 4.388
5952.000 4.417
5954.000 4.387
5956.000 4.393
5958.000 4.381
5960.000 4.411
5962.000 4.450
5964.000 4.390
5966.000 4.399
5968.000 4.448
5970.000 4.446
5972.000 4.427
5974.000 4.433
5976.000 4.449
5978.000 4.432
5980.000 4.420
5982.000 4.439
5984.000 4.467
5986.000 4.443
5988.000 4.471
5990.000 4.463
5992.000 4.473
5994.000 4.477
5996.000 4.464
5998.000 4.475
6000.000 4.496
6002.000 4.519
6004.000 4.523
6006.000 4.550
6008.000 4.518
6010.000 4.542
6012.000 4.576
6014.000 4.582
6016.000 4.537
6018.000 4.530
6020.000 4.582
6022.000 4.552
6024.000 4.596
6026.000 4.548
6028.000 4.592
6030.000 4.581
6032.000 4.591
6034.000 4.636
6036.000 4.572
6038.000 4.592
6040.000 4.603
6042.000 4.630
6044.000 4.643
6046.000 4.621
6048.000 4.659
6050.000 4.650
6052.000 4.617
6054.000 4.700
6056.000 4.660
6058.000 4.681
6060.000 4.672
6062.000 4.697
6064.000 4.696
6066.000 4.707
6068.000 4.717
6070.000 4.674
6072.000 4.713
6074.000 4.750
6076.000 4.722
6078.000 4.750
6080.000 4.747
6082.000 4.778
6084.000 4.789
6086.000 4.750
6088.000 4.809
6090.000 4.741
6092.000 4.797
6094.000 4.782
6096.000 4.837
6098.000 4.876
6100.000 4.815
6102.000 4.862
6104.000 4.877
6106.000 4.824
6108.000 4.866
6110.000 4.842
6112.000 4.892
6114.000 4.893
6116.000 4.900
6118.000 4.848
6120.000 4.845
6122.000 4.923
6124.000 4.912
6126.000 4.939
6128.000 4.959
6130.000 4.942
6132.000 4.979
6134.000 4.979
6136.000 4.995
6138.000 4.960
6140.000 4.966
6142.000 5.016
6144.000 5.045
6146.000 5.032
6148.000 5.047
6150.000 5.067
6152.000 5.066
6154.000 5.045
6156.000 5.068
6158.000 5.110
6160.000 5.103
6162.000 5.068
6164.000 5.119
6166.000 5.140
6168.000 5.116
6170.000 5.136
6172.000 5.111
6174.000 5.145
6176.000 5.183
6178.000 5.214
6180.000 5.186
6182.000 5.221
6184.000 5.214
6186.000 5.246
6188.000 5.232
6190.000 5.259
6192.000 5.272
6194.000 5.266
6196.000 5.306
6198.000 5.311
6200.000 5.273
6202.000 5.319
6204.000 5.325
6206.000 5.372
6208.000 5.367
6210.000 5.368
6212.000 5.415
6214.000 5.381
6216.000 5.415
6218.000 5.434
6220.000 5.419
6222.000 5.444
6224.000 5.466
6226.000 5.469
6228.000 5.534
6230.000 5.504
6232.000 5.495
6234.000 5.536
6236.000 5.552
6238.000 5.548
6240.000 5.574
6242.000 5.610
6244.000 5.547
6246.000 5.604
6248.000 5.609
6250.000 5.632
6252.000 5.630
6254.000 5.675
6256.000 5.668
6258.000 5.667
6260.000 5.711
6262.000 5.713
6264.000 5.725
6266.000 5.740
6268.000 5.755
6270.000 5.776
6272.000 5.786
6274.000 5.807
6276.000 5.812
6278.000 5.826
6280.000 5.847
6282.000 5.887
6284.000 5.878
6286.000 5.887
6288.000 5.932
6290.000 5.911
6292.000 5.955
6294.000 5.923
6296.000 5.964
6298.000 5.998
6300.000 5.982
6302.000 6.018
6304.000 5.998
6306.000 6.045
6308.000 6.063
6310.000 6.069
6312.000 6.047
6314.000 6.126
6316.000 6.160
6318.000 6.122
6320.000 6.156
6322.000 6.175
6324.000 6.202
6326.000 6.205
6328.000 6.250
6330.000 6.224
6332.000 6.230
6334.000 6.244
6336.000 6.240
6338.000 6.289
6340.000 6.372
6342.000 6.344
6344.000 6.340
6346.000 6.415
6348.000 6.391
6350.000 6.368
6352.000 6.444
6354.000 6.424
6356.000 6.457
6358.000 6.475
6360.000 6.518
6362.000 6.545
6364.000 6.544
6366.000 6.560
6368.000 6.561
6370.000 6.589
6372.000 6.634
6374.000 6.641
6376.000 6.631
6378.000 6.669
6380.000 6.683
6382.000 6.693
6384.000 6.730
6386.000 6.718
6388.000 6.752
6390.000 6.772
6392.000 6.766
6394.000 6.778
6396.000 6.853
6398.000 6.848
6400.000 6.891
6402.000 6.898
6404.000 6.933
6406.000 6.961
6408.000 6.939
6410.000 6.968
6412.000 7.005
6414.000 7.064
6416.000 7.094
6418.000 7.039
6420.000 7.109
6422.000 7.169
6424.000 7.153
6426.000 7.197
6428.000 7.199
6430.000 7.246
6432.000 7.283
6434.000 7.291
6436.000 7.318
6438.000 7.347
6440.000 7.343
6442.000 7.355
6444.000 7.428
6446.000 7.507
6448.000 7.484
6450.000 7.511
6452.000 7.535
6454.000 7.554
6456.000 7.600
6458.000 7.635
6460.000 7.673
6462.000 7.720
6464.000 7.707
6466.000 7.790
6468.000 7.796
6470.000 7.848
6472.000 7.834
6474.000 7.904
6476.000 7.943
6478.000 7.970
6480.000 8.015
6482.000 8.046
6484.000 8.087
6486.000 8.150
6488.000 8.177
6490.000 8.170
6492.000 8.222
6494.000 8.264
6496.000 8.314
6498.000 8.353
6500.000 8.376
6502.000 8.477
6504.000 8.448
6506.000 8.517
6508.000 8.535
6510.000 8.611
6512.000 8.655
6514.000 8.725
6516.000 8.755
6518.000 8.772
6520.000 8.827
6522.000 8.883
6524.000 8.951
6526.000 9.004
6528.000 9.010
6530.000 9.119
6532.000 9.143
6534.000 9.224
6536.000 9.288
6538.000 9.272
6540.000 9.385
6542.000 9.426
6544.000 9.485
6546.000 9.511
6548.000 9.591
6550.000 9.656
6552.000 9.674
6554.000 9.734
6556.000 9.823
6558.000 9.879
6560.000 9.964
6562.000 10.030
6564.000 10.058
6566.000 10.147
6568.000 10.169
6570.000 10.282
6572.000 10.364
6574.000 10.426
6576.000 10.521
6578.000 10.524
6580.000 10.596
6582.000 10.719
6584.000 10.786
6586.000 10.839
6588.000 10.919
6590.000 11.021
6592.000 11.106
6594.000 11.143
6596.000 11.254
6598.000 11.303
6600.000 11.418
6602.000 11.531
6604.000 11.548
6606.000 11.702
6608.000 11.713
6610.000 11.830
6612.000 11.936
6614.000 12.009
6616.000 12.115
6618.000 12.177
6620.000 12.311
6622.000 12.450
6624.000 12.470
6626.000 12.656
6628.000 12.702
6630.000 12.832
6632.000 12.907
6634.000 13.039
6636.000 13.166
6638.000 13.277
6640.000 13.390
6642.000 13.461
6644.000 13.621
6646.000 13.802
6648.000 13.847
6650.000 13.989
6652.000 14.081
6654.000 14.246
6656.000 14.420
6658.000 14.488
6660.000 14.682
6662.000 14.784
6664.000 14.921
6666.000 15.127
6668.000 15.214
6670.000 15.417
6672.000 15.519
6674.000 15.709
6676.000 15.900
6678.000 16.020
6680.000 16.246
6682.000 16.385
6684.000 16.597
6686.000 16.827
6688.000 16.944
6690.000 17.165
6692.000 17.277
6694.000 17.559
6696.000 17.709
6698.000 17.973
6700.000 18.223
6702.000 18.369
6704.000 18.650
6706.000 18.950
6708.000 19.091
6710.000 19.394
6712.000 19.516
6714.000 19.860
6716.000 20.164
6718.000 20.391
6720.000 20.734
6722.000 20.892
6724.000 21.301
6726.000 21.646
6728.000 21.832
6730.000 22.246
6732.000 22.456
6734.000 22.869
6736.000 23.328
6738.000 23.526
6740.000 24.002
6742.000 24.275
6744.000 24.740
6746.000 25.269
6748.000 25.556
6750.000 26.081
6752.000 26.380
6754.000 26.989
6756.000 27.553
6758.000 27.846
6760.000 28.498
6762.000 28.816
6764.000 29.529
6766.000 30.262
6768.000 30.626
6770.000 31.428
6772.000 31.766
6774.000 32.574
6776.000 33.448
6778.000 33.915
6780.000 34.856
6782.000 35.346
6784.000 36.312
6786.000 37.464
6788.000 37.978
6790.000 39.110
6792.000 39.689
6794.000 40.939
6796.000 42.245
6798.000 42.920
6800.000 44.359
6802.000 45.138
6804.000 46.665
6806.000 48.321
6808.000 49.161
6810.000 50.928
6812.000 51.806
6814.000 53.788
6816.000 55.745
6818.000 56.819
6820.000 58.959
6822.000 60.067
6824.000 62.394
6826.000 64.746
6828.000 65.966
6830.000 68.411
6832.000 69.604
6834.000 72.049
6836.000 74.488
6838.000 75.673
6840.000 77.942
6842.000 79.068
6844.000 81.059
6846.000 82.795
6848.000 83.620
6850.000 84.842
6852.000 85.393
6854.000 85.954
6856.000 86.039
6858.000 85.885
6860.000 85.206
6862.000 84.665
6864.000 83.282
6866.000 81.577
6868.000 80.498
6870.000 78.355
6872.000 77.165
6874.000 74.776
6876.000 73.540
6878.000 71.039
6880.000 68.505
6882.000 67.228
6884.000 64.731
6886.000 63.584
6888.000 61.164
6890.000 58.895
6892.000 57.772
6894.000 55.612
6896.000 54.566
6898.000 52.579
6900.000 50.706
6902.000 49.754
6904.000 48.031
6906.000 47.171
6908.000 45.589
6910.000 44.050
6912.000 43.329
6914.000 41.930
6916.000 41.236
6918.000 40.063
6920.000 38.729
6922.000 38.174
6924.000 37.023
6926.000 36.487
6928.000 35.457
6930.000 34.463
6932.000 33.952
6934.000 33.055
6936.000 32.600
6938.000 31.695
6940.000 30.936
6942.000 30.534
6944.000 29.725
6946.000 29.398
6948.000 28.709
6950.000 28.002
6952.000 27.661
6954.000 27.030
6956.000 26.741
6958.000 26.123
6960.000 25.587
6962.000 25.277
6964.000 24.710
6966.000 24.471
6968.000 23.996
6970.000 23.507
6972.000 23.270
6974.000 22.817
6976.000 22.590
6978.000 22.152
6980.000 21.742
6982.000 21.474
6984.000 21.132
6986.000 20.947
6988.000 20.573
6990.000 20.227
6992.000 20.040
6994.000 19.708
6996.000 19.486
6998.000 19.175
7000.000 18.860
7002.000 18.736
7004.000 18.425
7006.000 18.257
7008.000 17.935
7010.000 17.724
7012.000 17.567
7014.000 17.303
7016.000 17.183
7018.000 16.929
7020.000 16.658
7022.000 16.534
7024.000 16.296
7026.000 16.193
7028.000 15.949
7030.000 15.749
7032.000 15.622
7034.000 15.369
7036.000 15.301
7038.000 15.079
7040.000 14.924
7042.000 14.802
7044.000 14.596
7046.000 14.523
7048.000 14.379
7050.000 14.171
7052.000 14.062
7054.000 13.910
7056.000 13.788
7058.000 13.661
7060.000 13.458
7062.000 13.441
7064.000 13.259
7066.000 13.169
7068.000 13.038
7070.000 12.890
7072.000 12.793
7074.000 12.654
7076.000 12.590
7078.000 12.464
7080.000 12.337
7082.000 12.255
7084.000 12.106
7086.000 12.067
7088.000 11.925
7090.000 11.820
7092.000 11.743
7094.000 11.616
7096.000 11.530
7098.000 11.440
7100.000 11.330
7102.000 11.258
7104.000 11.154
7106.000 11.080
7108.000 10.990
7110.000 10.940
7112.000 10.850
7114.000 10.714
7116.000 10.694
7118.000 10.584
7120.000 10.532
7122.000 10.450
7124.000 10.314
7126.000 10.293
7128.000 10.194
7130.000 10.166
7132.000 10.074
7134.000 9.980
7136.000 9.928
7138.000 9.811
7140.000 9.803
7142.000 9.710
7144.000 9.618
7146.000 9.617
7148.000 9.481
7150.000 9.457
7152.000 9.391
7154.000 9.305
7156.000 9.245
7158.000 9.195
7160.000 9.140
7162.000 9.103
7164.000 9.020
7166.000 8.956
7168.000 8.904
7170.000 8.860
7172.000 8.820
7174.000 8.714
7176.000 8.687
7178.000 8.654
7180.000 8.631
7182.000 8.478
7184.000 8.445
7186.000 8.411
7188.000 8.382
7190.000 8.335
7192.000 8.322
7194.000 8.268
7196.000 8.174
7198.000 8.156
7200.000 8.115
7202.000 8.082
7204.000 8.016
7206.000 8.013
7208.000 7.940
7210.000 7.899
7212.000 7.869
7214.000 7.762
7216.000 7.796
7218.000 7.723
7220.000 7.684
7222.000 7.627
7224.000 7.623
7226.000 7.586
7228.000 7.508
7230.000 7.461
7232.000 7.392
7234.000 7.389
7236.000 7.377
7238.000 7.332
7240.000 7.322
7242.000 7.235
7244.000 7.232
7246.000 7.174
7248.000 7.125
7250.000 7.129
7252.000 7.076
7254.000 7.014
7256.000 6.980
7258.000 6.970
7260.000 6.942
7262.000 6.887
7264.000 6.899
7266.000 6.837
7268.000 6.778
7270.000 6.771
7272.000 6.700
7274.000 6.722
7276.000 6.682
7278.000 6.581
7280.000 6.613
7282.000 6.583
7284.000 6.556
7286.000 6.513
7288.000 6.477
7290.000 6.439
7292.000 6.442
7294.000 6.421
7296.000 6.385
7298.000 6.351
7300.000 6.382
7302.000 6.308
7304.000 6.279
7306.000 6.239
7308.000 6.226
7310.000 6.176
7312.000 6.173
7314.000 6.112
7316.000 6.154
7318.000 6.076
7320.000 6.062
7322.000 6.029
7324.000 5.992
7326.000 6.011
7328.000 5.954
7330.000 5.930
7332.000 5.867
7334.000 5.871
7336.000 5.846
7338.000 5.824
7340.000 5.794
7342.000 5.779
7344.000 5.786
7346.000 5.758
7348.000 5.719
7350.000 5.701
7352.000 5.658
7354.000 5.647
7356.000 5.647
7358.000 5.624
7360.000 5.613
7362.000 5.567
7364.000 5.556
7366.000 5.537
7368.000 5.500
7370.000 5.514
7372.000 5.498
7374.000 5.449
7376.000 5.426
7378.000 5.408
7380.000 5.393
7382.000 5.380
7384.000 5.365
7386.000 5.342
7388.000 5.309
7390.000 5.288
7392.000 5.256
7394.000 5.248
7396.000 5.260
7398.000 5.256
7400.000 5.194
7402.000 5.191
7404.000 5.181
7406.000 5.128
7408.000 5.142
7410.000 5.094
7412.000 5.102
7414.000 5.112
7416.000 5.101
7418.000 5.055
7420.000 5.026
7422.000 5.036
7424.000 5.000
7426.000 4.970
7428.000 4.950
7430.000 4.917
7432.000 4.925
7434.000 4.905
7436.000 4.861
7438.000 4.880
7440.000 4.820
7442.000 4.870
7444.000 4.846
7446.000 4.830
7448.000 4.775
7450.000 4.823
7452.000 4.802
7454.000 4.736
7456.000 4.789
7458.000 4.709
7460.000 4.689
7462.000 4.719
7464.000 4.653
7466.000 4.692
7468.000 4.674
7470.000 4.649
7472.000 4.607
7474.000 4.591
7476.000 4.571
7478.000 4.614
7480.000 4.583
7482.000 4.558
7484.000 4.559
7486.000 4.544
7488.000 4.494
7490.000 4.515
7492.000 4.483
7494.000 4.486
7496.000 4.513
7498.000 4.445
7500.000 4.457
7502.000 4.442
7504.000 4.394
7506.000 4.399
7508.000 4.384
7510.000 4.374
7512.000 4.386
7514.000 4.353
7516.000 4.340
7518.000 4.351
7520.000 4.292
7522.000 4.302
7524.000 4.266
7526.000 4.245
7528.000 4.319
7530.000 4.261
7532.000 4.282
7534.000 4.230
7536.000 4.204
7538.000 4.218
7540.000 4.193
7542.000 4.193
7544.000 4.203
7546.000 4.127
7548.000 4.158
7550.000 4.154
7552.000 4.120
7554.000 4.113
7556.000 4.116
7558.000 4.133
7560.000 4.106
7562.000 4.119
7564.000 4.059
7566.000 4.101
7568.000 4.052
7570.000 4.067
7572.000 4.051
7574.000 3.994
7576.000 4.025
7578.000 4.010
7580.000 4.032
7582.000 3.993
7584.000 3.964
7586.000 3.990
7588.000 3.941
7590.000 3.957
7592.000 3.924
7594.000 3.925
7596.000 3.921
7598.000 3.907
7600.000 3.898
7602.000 3.902
7604.000 3.893
7606.000 3.864
7608.000 3.880
7610.000 3.851
7612.000 3.850
7614.000 3.847
7616.000 3.834
7618.000 3.787
7620.000 3.801
7622.000 3.828
7624.000 3.756
7626.000 3.785
7628.000 3.791
7630.000 3.801
7632.000 3.781
7634.000 3.756
7636.000 3.725
7638.000 3.723
7640.000 3.742
7642.000 3.735
7644.000 3.703
7646.000 3.714
7648.000 3.743
7650.000 3.676
7652.000 3.677
7654.000 3.671
7656.000 3.660
7658.000 3.671
7660.000 3.674
7662.000 3.683
7664.000 3.602
7666.000 3.635
7668.000 3.613
7670.000 3.628
7672.000 3.599
7674.000 3.608
7676.000 3.578
7678.000 3.611
7680.000 3.586
7682.000 3.564
7684.000 3.557
7686.000 3.579
7688.000 3.549
7690.000 3.546
7692.000 3.519
7694.000 3.526
7696.000 3.535
7698.000 3.497
7700.000 3.508
7702.000 3.536
7704.000 3.487
7706.000 3.500
7708.000 3.502
7710.000 3.476
7712.000 3.464
7714.000 3.423
7716.000 3.436
7718.000 3.446
7720.000 3.463
7722.000 3.423
7724.000 3.425
7726.000 3.436
7728.000 3.439
7730.000 3.403
7732.000 3.397
7734.000 3.403
7736.000 3.393
7738.000 3.367
7740.000 3.414
7742.000 3.405
7744.000 3.373
7746.000 3.348
7748.000 3.357
7750.000 3.342
7752.000 3.348
7754.000 3.321
7756.000 3.314
7758.000 3.322
7760.000 3.362
7762.000 3.312
7764.000 3.304
7766.000 3.306
7768.000 3.313
7770.000 3.291
7772.000 3.247
7774.000 3.269
7776.000 3.253
7778.000 3.280
7780.000 3.271
7782.000 3.266
7784.000 3.250
7786.000 3.240
7788.000 3.288
7790.000 3.223
7792.000 3.222
7794.000 3.212
7796.000 3.217
7798.000 3.196
7800.000 3.160
7802.000 3.174
7804.000 3.158
7806.000 3.174
7808.000 3.171
7810.000 3.147
7812.000 3.170
7814.000 3.210
7816.000 3.160
7818.000 3.173
7820.000 3.144
7822.000 3.170
7824.000 3.131
7826.000 3.135
7828.000 3.127
7830.000 3.109
7832.000 3.102
7834.000 3.114
7836.000 3.143
7838.000 3.070
7840.000 3.114
7842.000 3.126
7844.000 3.114
7846.000 3.103
7848.000 3.082
7850.000 3.050
7852.000 3.070
7854.000 3.081
7856.000 3.045
7858.000 3.039
7860.000 3.063
7862.000 3.055
7864.000 3.059
7866.000 3.022
7868.000 3.026
7870.000 3.025
7872.000 3.032
7874.000 3.028
7876.000 3.030
7878.000 3.003
7880.000 3.019
7882.000 2.986
7884.000 2.997
7886.000 3.046
7888.000 2.983
7890.000 3.005
7892.000 2.974
7894.000 2.977
7896.000 2.989
7898.000 2.965
7900.000 2.984
7902.000 3.033
7904.000 2.947
7906.000 2.963
7908.000 2.995
7910.000 2.963
7912.000 2.968
7914.000 2.923
7916.000 2.940
7918.000 2.952
7920.000 2.950
7922.000 2.943
7924.000 2.918
7926.000 2.906
7928.000 2.912
7930.000 2.884
7932.000 2.901
7934.000 2.885
7936.000 2.881
7938.000 2.905
7940.000 2.899
7942.000 2.899
7944.000 2.893
7946.000 2.900
7948.000 2.890
7950.000 2.856
7952.000 2.872
7954.000 2.872
7956.000 2.873
7958.000 2.906
7960.000 2.916
7962.000 2.867
7964.000 2.836
7966.000 2.882
7968.000 2.876
7970.000 2.823
7972.000 2.879
7974.000 2.827
7976.000 2.840
7978.000 2.826
7980.000 2.844
7982.000 2.804
7984.000 2.826
7986.000 2.806
7988.000 2.784
7990.000 2.773
7992.000 2.834
7994.000 2.792
7996.000 2.788
7998.000 2.802
8000.000 2.806
8002.000 2.821
8004.000 2.751
8006.000 2.758
8008.000 2.782
8010.000 2.776
8012.000 2.772
8014.000 2.791
8016.000 2.755
8018.000 2.810
8020.000 2.765
8022.000 2.743
8024.000 2.740
8026.000 2.732
8028.000 2.705
8030.000 2.751
8032.000 2.741
8034.000 2.764
8036.000 2.721
8038.000 2.729
8040.000 2.752
8042.000 2.739
8044.000 2.754
8046.000 2.749
8048.000 2.762
8050.000 2.763
8052.000 2.726
8054.000 2.670
8056.000 2.709
8058.000 2.730
8060.000 2.731
8062.000 2.702
8064.000 2.698
8066.000 2.678
8068.000 2.702
8070.000 2.682
8072.000 2.717
8074.000 2.697
8076.000 2.688
8078.000 2.630
8080.000 2.673
8082.000 2.687
8084.000 2.689
8086.000 2.695
8088.000 2.678
8090.000 2.684
8092.000 2.649
8094.000 2.633
8096.000 2.644
8098.000 2.652
8100.000 2.683
8102.000 2.666
8104.000 2.675
8106.000 2.630
8108.000 2.650
8110.000 2.635
8112.000 2.611
8114.000 2.644
8116.000 2.674
8118.000 2.657
8120.000 2.618
8122.000 2.624
8124.000 2.613
8126.000 2.632
8128.000 2.590
8130.000 2.638
8132.000 2.620
8134.000 2.637
8136.000 2.639
8138.000 2.580
8140.000 2.629
8142.000 2.617
8144.000 2.616
8146.000 2.605
8148.000 2.582
8150.000 2.600
8152.000 2.580
8154.000 2.573
8156.000 2.600
8158.000 2.581
8160.000 2.595
8162.000 2.579
8164.000 2.579
8166.000 2.582
8168.000 2.629
8170.000 2.578
8172.000 2.570
8174.000 2.533
8176.000 2.565
8178.000 2.577
8180.000 2.567
8182.000 2.565
8184.000 2.524
8186.000 2.538
8188.000 2.566
8190.000 2.558
8192.000 2.552
8194.000 2.548
8196.000 2.558
8198.000 2.544
8200.000 2.571
8202.000 2.545
8204.000 2.535
8206.000 2.572
8208.000 2.522
8210.000 2.529
8212.000 2.538
8214.000 2.540
8216.000 2.552
8218.000 2.529
8220.000 2.542
8222.000 2.549
8224.000 2.526
8226.000 2.524
8228.000 2.543
8230.000 2.504
8232.000 2.505
8234.000 2.492
8236.000 2.548
8238.000 2.516
8240.000 2.483
8242.000 2.519
8244.000 2.535
8246.000 2.500
8248.000 2.521
8250.000 2.509
8252.000 2.475
8254.000 2.492
8256.000 2.525
8258.000 2.518
8260.000 2.518
8262.000 2.504
8264.000 2.517
8266.000 2.462
8268.000 2.484
8270.000 2.466
8272.000 2.494
8274.000 2.515
8276.000 2.472
8278.000 2.480
8280.000 2.509
8282.000 2.504
8284.000 2.446
8286.000 2.489
8288.000 2.495
8290.000 2.516
8292.000 2.524
8294.000 2.493
8296.000 2.474
8298.000 2.462
8300.000 2.474
8302.000 2.466
8304.000 2.476
8306.000 2.477
8308.000 2.444
8310.000 2.472
8312.000 2.483
8314.000 2.435
8316.000 2.445
8318.000 2.444
8320.000 2.450
8322.000 2.463
8324.000 2.464
8326.000 2.464
8328.000 2.440
8330.000 2.465
8332.000 2.436
8334.000 2.453
8336.000 2.446
8338.000 2.458
8340.000 2.453
8342.000 2.438
8344.000 2.423
8346.000 2.426
8348.000 2.469
8350.000 2.452
8352.000 2.453
8354.000 2.441
8356.000 2.461
8358.000 2.444
8360.000 2.436
8362.000 2.417
8364.000 2.435
8366.000 2.436
8368.000 2.459
8370.000 2.424
8372.000 2.405
8374.000 2.431
8376.000 2.438
8378.000 2.420
8380.000 2.440
8382.000 2.414
8384.000 2.475
8386.000 2.382
8388.000 2.415
8390.000 2.436
8392.000 2.409
8394.000 2.432
8396.000 2.393
8398.000 2.426
8400.000 2.401
8402.000 2.416
8404.000 2.423
8406.000 2.395
8408.000 2.402
8410.000 2.477
8412.000 2.418
8414.000 2.425
8416.000 2.402
8418.000 2.422
8420.000 2.416
8422.000 2.389
8424.000 2.396
8426.000 2.418
8428.000 2.444
8430.000 2.394
8432.000 2.399
8434.000 2.431
8436.000 2.398
8438.000 2.394
8440.000 2.404
8442.000 2.404
8444.000 2.366
8446.000 2.432
8448.000 2.368
8450.000 2.427
8452.000 2.390
8454.000 2.379
8456.000 2.423
8458.000 2.349
8460.000 2.391
8462.000 2.412
8464.000 2.383
8466.000 2.387
8468.000 2.404
8470.000 2.388
8472.000 2.357
8474.000 2.378
8476.000 2.419
8478.000 2.419
8480.000 2.396
8482.000 2.344
8484.000 2.375
8486.000 2.388
8488.000 2.401
8490.000 2.359
8492.000 2.423
8494.000 2.408
8496.000 2.394
8498.000 2.393
8500.000 2.377
8502.000 2.398
8504.000 2.374
8506.000 2.389
8508.000 2.365
8510.000 2.327
8512.000 2.389
8514.000 2.405
8516.000 2.345
8518.000 2.370
8520.000 2.383
8522.000 2.365
8524.000 2.356
8526.000 2.359
8528.000 2.374
8530.000 2.321
8532.000 2.373
8534.000 2.378
8536.000 2.349
8538.000 2.357
8540.000 2.364
8542.000 2.350
8544.000 2.382
8546.000 2.374
8548.000 2.382
8550.000 2.370
8552.000 2.381
8554.000 2.374
8556.000 2.378
8558.000 2.401
8560.000 2.370
8562.000 2.346
8564.000 2.356
8566.000 2.356
8568.000 2.367
8570.000 2.354
8572.000 2.337
8574.000 2.350
8576.000 2.366
8578.000 2.325
8580.000 2.354
8582.000 2.359
8584.000 2.359
8586.000 2.355
8588.000 2.310
8590.000 2.346
8592.000 2.304
8594.000 2.345
8596.000 2.302
8598.000 2.363
8600.000 2.298
8602.000 2.335
8604.000 2.326
8606.000 2.341
8608.000 2.350
8610.000 2.346
8612.000 2.298
8614.000 2.343
8616.000 2.323
8618.000 2.354
8620.000 2.325
8622.000 2.312
8624.000 2.297
8626.000 2.373
8628.000 2.344
8630.000 2.337
8632.000 2.321
8634.000 2.337
8636.000 2.307
8638.000 2.359
8640.000 2.317
8642.000 2.365
8644.000 2.339
8646.000 2.359
8648.000 2.359
8650.000 2.369
8652.000 2.387
8654.000 2.410
8656.000 2.418
8658.000 2.387
8660.000 2.389
8662.000 2.414
8664.000 2.396
8666.000 2.385
8668.000 2.406
8670.000 2.381
8672.000 2.395
8674.000 2.370
8676.000 2.401
8678.000 2.360
8680.000 2.352
8682.000 2.330
8684.000 2.392
8686.000 2.343
8688.000 2.353
8690.000 2.387
8692.000 2.386
8694.000 2.368
8696.000 2.363
8698.000 2.376
8700.000 2.366
8702.000 2.371
8704.000 2.352
8706.000 2.372
8708.000 2.349
8710.000 2.364
8712.000 2.323
8714.000 2.383
8716.000 2.367
8718.000 2.355
8720.000 2.360
8722.000 2.365
8724.000 2.351
8726.000 2.335
8728.000 2.350
8730.000 2.350
8732.000 2.376
8734.000 2.361
8736.000 2.355
8738.000 2.312
8740.000 2.375
8742.000 2.334
8744.000 2.336
8746.000 2.327
8748.000 2.322
8750.000 2.328
8752.000 2.364
8754.000 2.338
8756.000 2.336
8758.000 2.363
8760.000 2.345
8762.000 2.340
8764.000 2.330
8766.000 2.346
8768.000 2.336
8770.000 2.299
8772.000 2.343
8774.000 2.354
8776.000 2.304
8778.000 2.348
8780.000 2.364
8782.000 2.376
8784.000 2.328
8786.000 2.345
8788.000 2.356
8790.000 2.333
8792.000 2.353
8794.000 2.344
8796.000 2.321
8798.000 2.350
8800.000 2.304
8802.000 2.338
8804.000 2.333
8806.000 2.353
8808.000 2.335
8810.000 2.351
8812.000 2.356
8814.000 2.364
8816.000 2.319
8818.000 2.334
8820.000 2.335
8822.000 2.327
8824.000 2.328
8826.000 2.336
8828.000 2.370
8830.000 2.345
8832.000 2.337
8834.000 2.354
8836.000 2.343
8838.000 2.352
8840.000 2.328
8842.000 2.368
8844.000 2.353
8846.000 2.317
8848.000 2.356
8850.000 2.317
8852.000 2.346
8854.000 2.327
8856.000 2.353
8858.000 2.321
8860.000 2.363
8862.000 2.367
8864.000 2.359
8866.000 2.344
8868.000 2.334
8870.000 2.376
8872.000 2.355
8874.000 2.339
8876.000 2.338
8878.000 2.341
8880.000 2.361
8882.000 2.338
8884.000 2.375
8886.000 2.364
8888.000 2.349
8890.000 2.353
8892.000 2.398
8894.000 2.367
8896.000 2.371
8898.000 2.356
8900.000 2.387
8902.000 2.385
8904.000 2.377
8906.000 2.391
8908.000 2.356
8910.000 2.356
8912.000 2.383
8914.000 2.365
8916.000 2.359
8918.000 2.387
8920.000 2.373
8922.000 2.376
8924.000 2.335
8926.000 2.393
8928.000 2.366
8930.000 2.406
8932.000 2.409
8934.000 2.388
8936.000 2.379
8938.000 2.375
8940.000 2.377
8942.000 2.414
8944.000 2.403
8946.000 2.380
8948.000 2.375
8950.000 2.358
8952.000 2.387
8954.000 2.411
8956.000 2.429
8958.000 2.400
8960.000 2.427
8962.000 2.363
8964.000 2.368
8966.000 2.381
8968.000 2.373
8970.000 2.409
8972.000 2.393
8974.000 2.400
8976.000 2.389
8978.000 2.414
8980.000 2.374
8982.000 2.385
8984.000 2.396
8986.000 2.393
8988.000 2.420
8990.000 2.366
8992.000 2.403
8994.000 2.392
8996.000 2.433
8998.000 2.413
9000.000 2.414
9002.000 2.424
9004.000 2.400
9006.000 2.434
9008.000 2.451
9010.000 2.398
9012.000 2.419
9014.000 2.422
9016.000 2.409
9018.000 2.420
9020.000 2.423
9022.000 2.434
9024.000 2.458
9026.000 2.425
9028.000 2.389
9030.000 2.425
9032.000 2.405
9034.000 2.391
9036.000 2.445
9038.000 2.431
9040.000 2.435
9042.000 2.440
9044.000 2.411
9046.000 2.452
9048.000 2.453
9050.000 2.435
9052.000 2.481
9054.000 2.413
9056.000 2.463
9058.000 2.444
9060.000 2.431
9062.000 2.448
9064.000 2.461
9066.000 2.436
9068.000 2.465
9070.000 2.461
9072.000 2.462
9074.000 2.488
9076.000 2.428
9078.000 2.480
9080.000 2.438
9082.000 2.485
9084.000 2.471
9086.000 2.474
9088.000 2.486
9090.000 2.475
9092.000 2.444
9094.000 2.517
9096.000 2.509
9098.000 2.463
9100.000 2.429
9102.000 2.483
9104.000 2.494
9106.000 2.493
9108.000 2.470
9110.000 2.470
9112.000 2.490
9114.000 2.506
9116.000 2.504
9118.000 2.461
9120.000 2.491
9122.000 2.489
9124.000 2.509
9126.000 2.506
9128.000 2.489
9130.000 2.526
9132.000 2.495
9134.000 2.487
9136.000 2.494
9138.000 2.507
9140.000 2.507
9142.000 2.517
9144.000 2.514
9146.000 2.514
9148.000 2.546
9150.000 2.554
9152.000 2.519
9154.000 2.519
9156.000 2.527
9158.000 2.534
9160.000 2.522
9162.000 2.534
9164.000 2.527
9166.000 2.525
9168.000 2.533
9170.000 2.548
9172.000 2.524
9174.000 2.530
9176.000 2.521
9178.000 2.494
9180.000 2.566
9182.000 2.542
9184.000 2.567
9186.000 2.513
9188.000 2.582
9190.000 2.540
9192.000 2.590
9194.000 2.546
9196.000 2.586
9198.000 2.573
9200.000 2.567
9202.000 2.562
9204.000 2.554
9206.000 2.595
9208.000 2.616
9210.000 2.601
9212.000 2.558
9214.000 2.585
9216.000 2.596
9218.000 2.588
9220.000 2.591
9222.000 2.611
9224.000 2.586
9226.000 2.594
9228.000 2.622
9230.000 2.648
9232.000 2.661
9234.000 2.624
9236.000 2.620
9238.000 2.617
9240.000 2.618
9242.000 2.616
9244.000 2.624
9246.000 2.648
9248.000 2.647
9250.000 2.659
9252.000 2.632
9254.000 2.661
9256.000 2.698
9258.000 2.658
9260.000 2.625
9262.000 2.675
9264.000 2.660
9266.000 2.676
9268.000 2.670
9270.000 2.654
9272.000 2.679
9274.000 2.677
9276.000 2.694
9278.000 2.664
9280.000 2.647
9282.000 2.668
9284.000 2.682
9286.000 2.696
9288.000 2.682
9290.000 2.683
9292.000 2.706
9294.000 2.686
9296.000 2.672
9298.000 2.718
9300.000 2.734
9302.000 2.703
9304.000 2.731
9306.000 2.731
9308.000 2.718
9310.000 2.705
9312.000 2.728
9314.000 2.735
9316.000 2.750
9318.000 2.744
9320.000 2.770
9322.000 2.746
9324.000 2.715
9326.000 2.762
9328.000 2.776
9330.000 2.810
9332.000 2.746
9334.000 2.792
9336.000 2.772
9338.000 2.785
9340.000 2.789
9342.000 2.781
9344.000 2.802
9346.000 2.790
9348.000 2.778
9350.000 2.828
9352.000 2.798
9354.000 2.798
9356.000 2.821
9358.000 2.773
9360.000 2.809
9362.000 2.820
9364.000 2.822
9366.000 2.826
9368.000 2.828
9370.000 2.870
9372.000 2.848
9374.000 2.848
9376.000 2.828
9378.000 2.834
9380.000 2.838
9382.000 2.864
9384.000 2.862
9386.000 2.885
9388.000 2.838
9390.000 2.868
9392.000 2.885
9394.000 2.903
9396.000 2.891
9398.000 2.844
9400.000 2.894
9402.000 2.926
9404.000 2.888
9406.000 2.954
9408.000 2.920
9410.000 2.906
9412.000 2.941
9414.000 2.933
9416.000 2.945
9418.000 2.936
9420.000 2.952
9422.000 2.939
9424.000 2.967
9426.000 2.956
9428.000 2.997
9430.000 2.957
9432.000 2.968
9434.000 2.998
9436.000 2.976
9438.000 3.020
9440.000 2.947
9442.000 3.028
9444.000 3.018
9446.000 2.995
9448.000 2.990
9450.000 3.024
9452.000 3.066
9454.000 3.042
9456.000 3.018
9458.000 3.046
9460.000 3.058
9462.000 3.049
9464.000 3.060
9466.000 3.064
9468.000 3.064
9470.000 3.091
9472.000 3.097
9474.000 3.102
9476.000 3.086
9478.000 3.102
9480.000 3.109
9482.000 3.102
9484.000 3.063
9486.000 3.128
9488.000 3.116
9490.000 3.100
9492.000 3.117
9494.000 3.149
9496.000 3.125
9498.000 3.159
9500.000 3.144
9502.000 3.162
9504.000 3.163
9506.000 3.153
9508.000 3.157
9510.000 3.190
9512.000 3.191
9514.000 3.196
9516.000 3.177
9518.000 3.243
9520.000 3.197
9522.000 3.225
9524.000 3.225
9526.000 3.218
9528.000 3.173
9530.000 3.223
9532.000 3.284
9534.000 3.266
9536.000 3.275
9538.000 3.262
9540.000 3.273
9542.000 3.263
9544.000 3.264
9546.000 3.306
9548.000 3.308
9550.000 3.309
9552.000 3.293
9554.000 3.319
9556.000 3.308
9558.000 3.308
9560.000 3.333
9562.000 3.350
9564.000 3.361
9566.000 3.347
9568.000 3.373
9570.000 3.406
9572.000 3.397
9574.000 3.368
9576.000 3.414
9578.000 3.402
9580.000 3.413
9582.000 3.431
9584.000 3.395
9586.000 3.424
9588.000 3.478
9590.000 3.469
9592.000 3.477
9594.000 3.454
9596.000 3.474
9598.000 3.492
9600.000 3.498
9602.000 3.511
9604.000 3.494
9606.000 3.556
9608.000 3.508
9610.000 3.544
9612.000 3.537
9614.000 3.516
9616.000 3.574
9618.000 3.551
9620.000 3.590
9622.000 3.564
9624.000 3.592
9626.000 3.604
9628.000 3.571
9630.000 3.580
9632.000 3.630
9634.000 3.612
9636.000 3.624
9638.000 3.630
9640.000 3.655
9642.000 3.671
9644.000 3.658
9646.000 3.675
9648.000 3.712
9650.000 3.688
9652.000 3.736
9654.000 3.720
9656.000 3.738
9658.000 3.738
9660.000 3.733
9662.000 3.765
9664.000 3.764
9666.000 3.767
9668.000 3.767
9670.000 3.774
9672.000 3.811
9674.000 3.822
9676.000 3.803
9678.000 3.874
9680.000 3.802
9682.000 3.824
9684.000 3.871
9686.000 3.826
9688.000 3.891
9690.000 3.888
9692.000 3.883
9694.000 3.933
9696.000 3.927
9698.000 3.948
9700.000 3.935
9702.000 3.965
9704.000 3.970
9706.000 3.992
9708.000 4.014
9710.000 3.990
9712.000 4.026
9714.000 3.998
9716.000 4.031
9718.000 4.054
9720.000 4.037
9722.000 4.098
9724.000 4.085
9726.000 4.074
9728.000 4.095
9730.000 4.128
9732.000 4.152
9734.000 4.144
9736.000 4.153
9738.000 4.166
9740.000 4.170
9742.000 4.201
9744.000 4.192
9746.000 4.236
9748.000 4.218
9750.000 4.287
9752.000 4.264
9754.000 4.262
9756.000 4.271
9758.000 4.294
9760.000 4.314
9762.000 4.357
9764.000 4.354
9766.000 4.334
9768.000 4.347
9770.000 4.392
9772.000 4.409
9774.000 4.401
9776.000 4.425
9778.000 4.414
9780.000 4.431
9782.000 4.476
9784.000 4.475
9786.000 4.524
9788.000 4.513
9790.000 4.539
9792.000 4.513
9794.000 4.594
9796.000 4.593
9798.000 4.581
9800.000 4.599
9802.000 4.654
9804.000 4.665
9806.000 4.661
9808.000 4.691
9810.000 4.700
9812.000 4.750
9814.000 4.739
9816.000 4.770
9818.000 4.782
9820.000 4.776
9822.000 4.802
9824.000 4.827
9826.000 4.870
9828.000 4.856
9830.000 4.892
9832.000 4.920
9834.000 4.897
9836.000 4.950
9838.000 4.974
9840.000 4.963
9842.000 5.008
9844.000 4.979
9846.000 5.068
9848.000 5.065
9850.000 5.118
9852.000 5.123
9854.000 5.114
9856.000 5.117
9858.000 5.162
9860.000 5.210
9862.000 5.208
9864.000 5.280
9866.000 5.264
9868.000 5.297
9870.000 5.301
9872.000 5.368
9874.000 5.366
9876.000 5.397
9878.000 5.417
9880.000 5.448
9882.000 5.480
9884.000 5.491
9886.000 5.537
9888.000 5.560
9890.000 5.561
9892.000 5.592
9894.000 5.624
9896.000 5.637
9898.000 5.640
9900.000 5.678
9902.000 5.747
9904.000 5.736
9906.000 5.801
9908.000 5.826
9910.000 5.840
9912.000 5.861
9914.000 5.900
9916.000 5.953
9918.000 5.943
9920.000 6.009
9922.000 6.067
9924.000 6.056
9926.000 6.113
9928.000 6.150
9930.000 6.184
9932.000 6.223
9934.000 6.245
9936.000 6.303
9938.000 6.300
9940.000 6.371
9942.000 6.360
9944.000 6.420
9946.000 6.455
9948.000 6.475
9950.000 6.538
9952.000 6.580
9954.000 6.609
9956.000 6.674
9958.000 6.708
9960.000 6.756
9962.000 6.759
9964.000 6.852
9966.000 6.852
9968.000 6.900
9970.000 6.987
9972.000 6.983
9974.000 7.027
9976.000 7.081
9978.000 7.167
9980.000 7.188
9982.000 7.236
9984.000 7.288
9986.000 7.330
9988.000 7.376
9990.000 7.403
9992.000 7.464
9994.000 7.538
9996.000 7.628
9998.000 7.614
10000.000 7.709
10002.000 7.759
10004.000 7.829
10006.000 7.883
10008.000 7.904
10010.000 7.980
10012.000 8.048
10014.000 8.092
10016.000 8.163
10018.000 8.238
10020.000 8.318
10022.000 8.331
10024.000 8.441
10026.000 8.504
10028.000 8.553
10030.000 8.621
10032.000 8.674
10034.000 8.783
10036.000 8.865
10038.000 8.910
10040.000 9.016
10042.000 9.053
10044.000 9.177
10046.000 9.272
10048.000 9.327
10050.000 9.435
10052.000 9.474
10054.000 9.581
10056.000 9.703
10058.000 9.754
10060.000 9.890
10062.000 9.959
10064.000 10.051
10066.000 10.174
10068.000 10.217
10070.000 10.360
10072.000 10.439
10074.000 10.585
10076.000 10.697
10078.000 10.756
10080.000 10.928
10082.000 10.982
10084.000 11.151
10086.000 11.222
10088.000 11.368
10090.000 11.516
10092.000 11.617
10094.000 11.790
10096.000 11.845
10098.000 12.051
10100.000 12.250
10102.000 12.323
10104.000 12.503
10106.000 12.608
10108.000 12.806
10110.000 13.004
10112.000 13.101
10114.000 13.339
10116.000 13.457
10118.000 13.671
10120.000 13.906
10122.000 14.043
10124.000 14.265
10126.000 14.379
10128.000 14.683
10130.000 14.924
10132.000 15.069
10134.000 15.385
10136.000 15.518
10138.000 15.826
10140.000 16.133
10142.000 16.306
10144.000 16.635
10146.000 16.805
10148.000 17.204
10150.000 17.555
10152.000 17.761
10154.000 18.167
10156.000 18.340
10158.000 18.793
10160.000 19.249
10162.000 19.469
10164.000 19.980
10166.000 20.180
10168.000 20.732
10170.000 21.316
10172.000 21.576
10174.000 22.138
10176.000 22.440
10178.000 23.098
10180.000 23.779
10182.000 24.145
10184.000 24.870
10186.000 25.234
10188.000 26.047
10190.000 26.897
10192.000 27.328
10194.000 28.221
10196.000 28.788
10198.000 29.810
10200.000 30.884
10202.000 31.403
10204.000 32.596
10206.000 33.229
10208.000 34.536
10210.000 35.890
10212.000 36.633
10214.000 38.144
10216.000 38.947
10218.000 40.603
10220.000 42.320
10222.000 43.198
10224.000 45.225
10226.000 47.062
10228.000 49.029
10230.000 50.052
10232.000 51.063
10234.000 53.050
10236.000 54.086
10238.000 56.003
10240.000 57.799
10242.000 58.667
10244.000 60.119
10246.000 60.701
10248.000 61.646
10250.000 62.230
10252.000 62.323
10254.000 62.171
10256.000 62.020
10258.000 61.226
10260.000 59.997
10262.000 59.286
10264.000 57.552
10266.000 56.666
10268.000 54.658
10270.000 52.649
10272.000 51.540
10274.000 49.452
10276.000 48.383
10278.000 46.317
10280.000 44.337
10282.000 43.343
10284.000 41.446
10286.000 40.581
10288.000 38.881
10290.000 37.135
10292.000 36.447
10294.000 34.944
10296.000 34.234
10298.000 32.838
10300.000 31.642
10302.000 31.018
10304.000 29.818
10306.000 29.302
10308.000 28.256
10310.000 27.248
10312.000 26.740
10314.000 25.785
10316.000 25.323
10318.000 24.560
10320.000 24.167
10322.000 23.383
10324.000 22.679
10326.000 22.337
10328.000 21.642
10330.000 21.349
10332.000 20.755
10334.000 20.161
10336.000 19.929
10338.000 19.370
10340.000 19.115
10342.000 18.588
10344.000 18.116
10346.000 17.902
10348.000 17.480
10350.000 17.243
10352.000 16.868
10354.000 16.476
10356.000 16.206
10358.000 15.912
10360.000 15.692
10362.000 15.360
10364.000 15.046
10366.000 14.891
10368.000 14.561
10370.000 14.375
10372.000 14.099
10374.000 13.804
10376.000 13.674
10378.000 13.405
10380.000 13.281
10382.000 13.061
10384.000 12.800
10386.000 12.649
10388.000 12.440
10390.000 12.341
10392.000 12.107
10394.000 11.896
10396.000 11.765
10398.000 11.598
10400.000 11.500
10402.000 11.298
10404.000 11.112
10406.000 11.001
10408.000 10.834
10410.000 10.758
10412.000 10.584
10414.000 10.411
10416.000 10.360
10418.000 10.187
10420.000 10.095
10422.000 9.991
10424.000 9.817
10426.000 9.753
10428.000 9.604
10430.000 9.544
10432.000 9.427
10434.000 9.313
10436.000 9.222
10438.000 9.082
10440.000 9.053
10442.000 8.911
10444.000 8.812
10446.000 8.770
10448.000 8.656
10450.000 8.615
10452.000 8.504
10454.000 8.416
10456.000 8.392
10458.000 8.275
10460.000 8.252
10462.000 8.159
10464.000 8.085
10466.000 8.016
10468.000 7.959
10470.000 7.922
10472.000 7.861
10474.000 7.773
10476.000 7.747
10478.000 7.704
10480.000 7.659
10482.000 7.605
10484.000 7.564
10486.000 7.548
10488.000 7.502
10490.000 7.451
10492.000 7.412
10494.000 7.349
10496.000 7.314
10498.000 7.238
10500.000 7.233
10502.000 7.183
10504.000 7.110
10506.000 7.078
10508.000 6.989
10510.000 6.956
10512.000 6.875
10514.000 6.829
10516.000 6.793
10518.000 6.737
10520.000 6.724
10522.000 6.631
10524.000 6.604
10526.000 6.534
10528.000 6.483
10530.000 6.476
10532.000 6.421
10534.000 6.382
10536.000 6.310
10538.000 6.277
10540.000 6.241
10542.000 6.207
10544.000 6.140
10546.000 6.114
10548.000 6.063
10550.000 6.043
10552.000 5.977
10554.000 5.958
10556.000 5.916
10558.000 5.884
10560.000 5.837
10562.000 5.800
10564.000 5.778
10566.000 5.729
10568.000 5.684
10570.000 5.687
10572.000 5.593
10574.000 5.565
10576.000 5.520
10578.000 5.517
10580.000 5.513
10582.000 5.424
10584.000 5.394
10586.000 5.351
10588.000 5.329
10590.000 5.297
10592.000 5.279
10594.000 5.230
10596.000 5.214
10598.000 5.178
10600.000 5.134
10602.000 5.092
10604.000 5.068
10606.000 5.065
10608.000 5.046
10610.000 5.016
10612.000 4.954
10614.000 4.951
10616.000 4.857
10618.000 4.834
10620.000 4.827
10622.000 4.820
10624.000 4.763
10626.000 4.768
10628.000 4.698
10630.000 4.714
10632.000 4.655
10634.000 4.637
10636.000 4.621
10638.000 4.577
10640.000 4.558
10642.000 4.537
10644.000 4.531
10646.000 4.511
10648.000 4.456
10650.000 4.442
10652.000 4.397
10654.000 4.418
10656.000 4.391
10658.000 4.363
10660.000 4.344
10662.000 4.298
10664.000 4.268
10666.000 4.244
10668.000 4.209
10670.000 4.226
10672.000 4.182
10674.000 4.178
10676.000 4.119
10678.000 4.129
10680.000 4.100
10682.000 4.079
10684.000 4.071
10686.000 4.040
10688.000 4.026
10690.000 4.017
10692.000 3.967
10694.000 3.981
10696.000 3.964
10698.000 3.923
10700.000 3.895
10702.000 3.882
10704.000 3.850
10706.000 3.875
10708.000 3.813
10710.000 3.836
10712.000 3.820
10714.000 3.789
10716.000 3.778
10718.000 3.726
10720.000 3.760
10722.000 3.707
10724.000 3.678
10726.000 3.674
10728.000 3.640
10730.000 3.641
10732.000 3.619
10734.000 3.617
10736.000 3.580
10738.000 3.551
10740.000 3.551
10742.000 3.563
10744.000 3.520
10746.000 3.515
10748.000 3.512
10750.000 3.482
10752.000 3.445
10754.000 3.435
10756.000 3.434
10758.000 3.461
10760.000 3.376
10762.000 3.402
10764.000 3.402
10766.000 3.353
10768.000 3.320
10770.000 3.323
10772.000 3.311
10774.000 3.314
10776.000 3.303
10778.000 3.298
10780.000 3.257
10782.000 3.236
10784.000 3.246
10786.000 3.217
10788.000 3.195
10790.000 3.225
10792.000 3.177
10794.000 3.196
10796.000 3.173
10798.000 3.153
10800.000 3.153
10802.000 3.119
10804.000 3.112
10806.000 3.092
10808.000 3.088
10810.000 3.049
10812.000 3.067
10814.000 3.037
10816.000 3.035
10818.000 3.037
10820.000 3.007
10822.000 3.004
10824.000 3.009
10826.000 2.971
10828.000 2.959
10830.000 2.990
10832.000 2.948
10834.000 2.980
10836.000 2.918
10838.000 2.927
10840.000 2.929
10842.000 2.898
10844.000 2.909
10846.000 2.873
10848.000 2.872
10850.000 2.872
10852.000 2.865
10854.000 2.867
10856.000 2.828
10858.000 2.860
10860.000 2.803
10862.000 2.792
10864.000 2.793
10866.000 2.779
10868.000 2.758
10870.000 2.773
10872.000 2.763
10874.000 2.741
10876.000 2.718
10878.000 2.722
10880.000 2.723
10882.000 2.714
10884.000 2.697
10886.000 2.692
10888.000 2.684
10890.000 2.670
10892.000 2.665
10894.000 2.668
10896.000 2.635
10898.000 2.638
10900.000 2.644
10902.000 2.613
10904.000 2.594
10906.000 2.618
10908.000 2.614
10910.000 2.594
10912.000 2.568
10914.000 2.588
10916.000 2.547
10918.000 2.567
10920.000 2.527
10922.000 2.530
10924.000 2.509
10926.000 2.533
10928.000 2.513
10930.000 2.521
10932.000 2.490
10934.000 2.491
10936.000 2.468
10938.000 2.464
10940.000 2.472
10942.000 2.480
10944.000 2.437
10946.000 2.422
10948.000 2.432
10950.000 2.416
10952.000 2.428
10954.000 2.407
10956.000 2.424
10958.000 2.419
10960.000 2.412
10962.000 2.389
10964.000 2.378
10966.000 2.388
10968.000 2.368
10970.000 2.353
10972.000 2.354
10974.000 2.331
10976.000 2.323
10978.000 2.339
10980.000 2.317
10982.000 2.301
10984.000 2.331
10986.000 2.294
10988.000 2.303
10990.000 2.305
10992.000 2.309
10994.000 2.299
10996.000 2.258
10998.000 2.265
11000.000 2.257
11002.000 2.263
11004.000 2.248
11006.000 2.228
11008.000 2.224
11010.000 2.246
11012.000 2.212
11014.000 2.221
11016.000 2.210
11018.000 2.220
11020.000 2.192
11022.000 2.182
11024.000 2.231
11026.000 2.180
11028.000 2.177
11030.000 2.159
11032.000 2.171
11034.000 2.183
11036.000 2.171
11038.000 2.126
11040.000 2.132
11042.000 2.148
11044.000 2.157
11046.000 2.109
11048.000 2.125
11050.000 2.092
11052.000 2.119
11054.000 2.113
11056.000 2.083
11058.000 2.100
11060.000 2.087
11062.000 2.084
11064.000 2.070
11066.000 2.083
11068.000 2.048
11070.000 2.060
11072.000 2.091
11074.000 2.052
11076.000 2.051
11078.000 2.065
11080.000 2.038
11082.000 2.017
11084.000 2.020
11086.000 2.048
11088.000 2.028
11090.000 2.006
11092.000 2.018
11094.000 2.012
11096.000 2.043
11098.000 2.032
11100.000 2.003
11102.000 1.997
11104.000 1.985
11106.000 1.967
11108.000 1.983
11110.000 1.978
11112.000 1.964
11114.000 1.980
11116.000 1.968
11118.000 1.955
11120.000 1.950
11122.000 1.959
11124.000 1.955
11126.000 1.905
11128.000 1.947
11130.000 1.933
11132.000 1.907
11134.000 1.904
11136.000 1.916
11138.000 1.920
11140.000 1.909
11142.000 1.918
11144.000 1.892
11146.000 1.913
11148.000 1.910
11150.000 1.892
11152.000 1.907
11154.000 1.892
11156.000 1.894
11158.000 1.896
11160.000 1.887
11162.000 1.885
11164.000 1.868
11166.000 1.868
11168.000 1.876
11170.000 1.854
11172.000 1.874
11174.000 1.839
11176.000 1.890
11178.000 1.853
11180.000 1.865
11182.000 1.830
11184.000 1.813
11186.000 1.804
11188.000 1.839
11190.000 1.817
11192.000 1.796
11194.000 1.828
11196.000 1.833
11198.000 1.804
11200.000 1.815
11202.000 1.801
11204.000 1.780
11206.000 1.794
11208.000 1.799
11210.000 1.781
11212.000 1.792
11214.000 1.784
11216.000 1.774
11218.000 1.788
11220.000 1.761
11222.000 1.790
11224.000 1.730
11226.000 1.759
11228.000 1.772
11230.000 1.770
11232.000 1.758
11234.000 1.740
11236.000 1.753
11238.000 1.758
11240.000 1.735
11242.000 1.728
11244.000 1.744
11246.000 1.707
11248.000 1.699
11250.000 1.725
11252.000 1.697
11254.000 1.752
11256.000 1.691
11258.000 1.719
11260.000 1.711
11262.000 1.696
11264.000 1.693
11266.000 1.736
11268.000 1.694
11270.000 1.705
11272.000 1.695
11274.000 1.667
11276.000 1.669
11278.000 1.674
11280.000 1.694
11282.000 1.683
11284.000 1.654
11286.000 1.664
11288.000 1.666
11290.000 1.701
11292.000 1.663
11294.000 1.664
11296.000 1.631
11298.000 1.643
11300.000 1.652
11302.000 1.636
11304.000 1.626
11306.000 1.646
11308.000 1.618
11310.000 1.635
11312.000 1.636
11314.000 1.631
11316.000 1.628
11318.000 1.627
11320.000 1.624
11322.000 1.605
11324.000 1.593
11326.000 1.628
11328.000 1.632
11330.000 1.623
11332.000 1.621
11334.000 1.572
11336.000 1.595
11338.000 1.579
11340.000 1.585
11342.000 1.619
11344.000 1.599
11346.000 1.585
11348.000 1.613
11350.000 1.580
11352.000 1.590
11354.000 1.590
11356.000 1.581
11358.000 1.591
11360.000 1.573
11362.000 1.577
11364.000 1.553
11366.000 1.581
11368.000 1.552
11370.000 1.569
11372.000 1.581
11374.000 1.529
11376.000 1.546
11378.000 1.553
11380.000 1.551
11382.000 1.552
11384.000 1.531
11386.000 1.522
11388.000 1.556
11390.000 1.537
11392.000 1.537
11394.000 1.560
11396.000 1.541
11398.000 1.519
11400.000 1.539
11402.000 1.521
11404.000 1.528
11406.000 1.517
11408.000 1.505
11410.000 1.492
11412.000 1.503
11414.000 1.512
11416.000 1.543
11418.000 1.539
11420.000 1.497
11422.000 1.515
11424.000 1.505
11426.000 1.511
11428.000 1.481
11430.000 1.492
11432.000 1.493
11434.000 1.504
11436.000 1.489
11438.000 1.492
11440.000 1.500
11442.000 1.482
11444.000 1.472
11446.000 1.468
11448.000 1.463
11450.000 1.469
11452.000 1.495
11454.000 1.470
11456.000 1.474
11458.000 1.449
11460.000 1.451
11462.000 1.472
11464.000 1.453
11466.000 1.471
11468.000 1.468
11470.000 1.478
11472.000 1.453
11474.000 1.453
11476.000 1.449
11478.000 1.464
11480.000 1.448
11482.000 1.465
11484.000 1.431
11486.000 1.460
11488.000 1.423
11490.000 1.414
11492.000 1.429
11494.000 1.442
11496.000 1.442
11498.000 1.450
11500.000 1.461
11502.000 1.402
11504.000 1.436
11506.000 1.418
11508.000 1.440
11510.000 1.453
11512.000 1.402
11514.000 1.420
11516.000 1.413
11518.000 1.421
11520.000 1.406
11522.000 1.442
11524.000 1.411
11526.000 1.419
11528.000 1.415
11530.000 1.395
11532.000 1.403
11534.000 1.412
11536.000 1.382
11538.000 1.386
11540.000 1.386
11542.000 1.397
11544.000 1.391
11546.000 1.390
11548.000 1.382
11550.000 1.358
11552.000 1.388
11554.000 1.372
11556.000 1.362
11558.000 1.408
11560.000 1.397
11562.000 1.387
11564.000 1.387
11566.000 1.347
11568.000 1.374
11570.000 1.365
11572.000 1.374
11574.000 1.380
11576.000 1.363
11578.000 1.376
11580.000 1.378
11582.000 1.360
11584.000 1.372
11586.000 1.376
11588.000 1.367
11590.000 1.358
11592.000 1.353
11594.000 1.368
11596.000 1.370
11598.000 1.379
11600.000 1.360
11602.000 1.342
11604.000 1.354
11606.000 1.358
11608.000 1.325
11610.000 1.345
11612.000 1.362
11614.000 1.333
11616.000 1.348
11618.000 1.356
11620.000 1.324
11622.000 1.345
11624.000 1.340
11626.000 1.320
11628.000 1.326
11630.000 1.310
11632.000 1.311
11634.000 1.328
11636.000 1.325
11638.000 1.331
11640.000 1.335
11642.000 1.328
11644.000 1.306
11646.000 1.307
11648.000 1.340
11650.000 1.348
11652.000 1.313
11654.000 1.310
11656.000 1.327
11658.000 1.309
11660.000 1.333
11662.000 1.320
11664.000 1.303
11666.000 1.308
11668.000 1.302
11670.000 1.283
11672.000 1.305
11674.000 1.310
11676.000 1.311
11678.000 1.300
11680.000 1.310
11682.000 1.290
11684.000 1.296
11686.000 1.289
11688.000 1.280
11690.000 1.277
11692.000 1.311
11694.000 1.311
11696.000 1.290
11698.000 1.306
11700.000 1.272
11702.000 1.316
11704.000 1.289
11706.000 1.268
11708.000 1.278
11710.000 1.265
11712.000 1.275
11714.000 1.268
11716.000 1.273
11718.000 1.287
11720.000 1.282
11722.000 1.278
11724.000 1.273
11726.000 1.270
11728.000 1.273
11730.000 1.266
11732.000 1.257
11734.000 1.285
11736.000 1.273
11738.000 1.263
11740.000 1.271
11742.000 1.260
11744.000 1.261
11746.000 1.259
11748.000 1.255
11750.000 1.272
11752.000 1.260
11754.000 1.277
11756.000 1.263
11758.000 1.253
11760.000 1.256
11762.000 1.277
11764.000 1.260
11766.000 1.247
11768.000 1.251
11770.000 1.248
11772.000 1.272
11774.000 1.240
11776.000 1.255
11778.000 1.252
11780.000 1.261
11782.000 1.264
11784.000 1.269
11786.000 1.246
11788.000 1.264
11790.000 1.245
11792.000 1.252
11794.000 1.269
11796.000 1.245
11798.000 1.252
11800.000 1.246
11802.000 1.228
11804.000 1.237
11806.000 1.258
11808.000 1.238
11810.000 1.236
11812.000 1.219
11814.000 1.241
11816.000 1.258
11818.000 1.266
11820.000 1.254
11822.000 1.239
11824.000 1.234
11826.000 1.243
11828.000 1.218
11830.000 1.240
11832.000 1.256
11834.000 1.238
11836.000 1.248
11838.000 1.229
11840.000 1.231
11842.000 1.273
11844.000 1.226
11846.000 1.269
11848.000 1.250
11850.000 1.234
11852.000 1.254
11854.000 1.233
11856.000 1.220
11858.000 1.252
11860.000 1.235
11862.000 1.270
11864.000 1.225
11866.000 1.217
11868.000 1.209
11870.000 1.231
11872.000 1.200
11874.000 1.279
11876.000 1.211
11878.000 1.216
11880.000 1.214
11882.000 1.235
11884.000 1.212
11886.000 1.215
11888.000 1.222
11890.000 1.238
11892.000 1.248
11894.000 1.232
11896.000 1.215
11898.000 1.229
11900.000 1.215
11902.000 1.215
11904.000 1.223
11906.000 1.219
11908.000 1.213
11910.000 1.253
11912.000 1.203
11914.000 1.230
11916.000 1.212
11918.000 1.242
11920.000 1.240
11922.000 1.203
11924.000 1.210
11926.000 1.230
11928.000 1.217
11930.000 1.240
11932.000 1.248
11934.000 1.212
11936.000 1.229
11938.000 1.211
11940.000 1.193
11942.000 1.192
11944.000 1.218
11946.000 1.206
11948.000 1.199
11950.000 1.229
11952.000 1.226
11954.000 1.203
11956.000 1.205
11958.000 1.196
11960.000 1.225
11962.000 1.212
11964.000 1.226
11966.000 1.217
11968.000 1.187
11970.000 1.230
11972.000 1.195
11974.000 1.221
11976.000 1.198
11978.000 1.194
11980.000 1.213
11982.000 1.247
11984.000 1.217
11986.000 1.214
11988.000 1.200
11990.000 1.195
11992.000 1.211
11994.000 1.195
11996.000 1.221
11998.000 1.211
12000.000 1.192
12002.000 1.206
12004.000 1.203
12006.000 1.234
12008.000 1.223
12010.000 1.208
12012.000 1.216
12014.000 1.224
12016.000 1.203
12018.000 1.223
12020.000 1.232
12022.000 1.215
12024.000 1.232
12026.000 1.201
12028.000 1.223
12030.000 1.219
12032.000 1.234
12034.000 1.185
12036.000 1.205
12038.000 1.217
12040.000 1.200
12042.000 1.226
12044.000 1.207
12046.000 1.212
12048.000 1.232
12050.000 1.216
12052.000 1.230
12054.000 1.209
12056.000 1.216
12058.000 1.227
12060.000 1.225
12062.000 1.227
12064.000 1.213
12066.000 1.200
12068.000 1.230
12070.000 1.203
12072.000 1.217
12074.000 1.207
12076.000 1.238
12078.000 1.215
12080.000 1.222
12082.000 1.219
12084.000 1.232
12086.000 1.211
12088.000 1.220
12090.000 1.224
12092.000 1.221
12094.000 1.232
12096.000 1.201
12098.000 1.221
12100.000 1.242
12102.000 1.239
12104.000 1.208
12106.000 1.214
12108.000 1.233
12110.000 1.222
12112.000 1.259
12114.000 1.239
12116.000 1.251
12118.000 1.242
12120.000 1.250
12122.000 1.230
12124.000 1.221
12126.000 1.246
12128.000 1.233
12130.000 1.226
12132.000 1.200
12134.000 1.251
12136.000 1.234
12138.000 1.252
12140.000 1.234
12142.000 1.245
12144.000 1.254
12146.000 1.253
12148.000 1.246
12150.000 1.234
12152.000 1.256
12154.000 1.237
12156.000 1.239
12158.000 1.221
12160.000 1.229
12162.000 1.252
12164.000 1.258
12166.000 1.253
12168.000 1.240
12170.000 1.278
12172.000 1.236
12174.000 1.224
12176.000 1.242
12178.000 1.252
12180.000 1.228
12182.000 1.246
12184.000 1.280
12186.000 1.272
12188.000 1.245
12190.000 1.222
12192.000 1.240
12194.000 1.257
12196.000 1.257
12198.000 1.273
12200.000 1.232
12202.000 1.284
12204.000 1.242
12206.000 1.255
12208.000 1.256
12210.000 1.257
12212.000 1.265
12214.000 1.252
12216.000 1.247
12218.000 1.239
12220.000 1.268
12222.000 1.251
12224.000 1.244
12226.000 1.278
12228.000 1.261
12230.000 1.258
12232.000 1.276
12234.000 1.257
12236.000 1.263
12238.000 1.222
12240.000 1.240
12242.000 1.270
12244.000 1.246
12246.000 1.242
12248.000 1.270
12250.000 1.275
12252.000 1.273
12254.000 1.281
12256.000 1.260
12258.000 1.273
12260.000 1.236
12262.000 1.268
12264.000 1.282
12266.000 1.241
12268.000 1.272
12270.000 1.272
12272.000 1.257
12274.000 1.291
12276.000 1.266
12278.000 1.279
12280.000 1.273
12282.000 1.271
12284.000 1.282
12286.000 1.261
12288.000 1.269
12290.000 1.249
12292.000 1.289
12294.000 1.255
12296.000 1.280
12298.000 1.286
12300.000 1.259
12302.000 1.282
12304.000 1.259
12306.000 1.270
12308.000 1.285
12310.000 1.296
12312.000 1.296
12314.000 1.282
12316.000 1.288
12318.000 1.285
12320.000 1.269
12322.000 1.288
12324.000 1.270
12326.000 1.277
12328.000 1.287
12330.000 1.280
12332.000 1.281
12334.000 1.288
12336.000 1.271
12338.000 1.282
12340.000 1.298
12342.000 1.281
12344.000 1.287
12346.000 1.302
12348.000 1.283
12350.000 1.292
12352.000 1.281
12354.000 1.289
12356.000 1.281
12358.000 1.298
12360.000 1.291
12362.000 1.314
12364.000 1.291
12366.000 1.309
12368.000 1.300
12370.000 1.332
12372.000 1.322
12374.000 1.287
12376.000 1.290
12378.000 1.291
12380.000 1.292
12382.000 1.294
12384.000 1.314
12386.000 1.298
12388.000 1.291
12390.000 1.292
12392.000 1.313
12394.000 1.311
12396.000 1.339
12398.000 1.299
12400.000 1.307
12402.000 1.351
12404.000 1.307
12406.000 1.317
12408.000 1.309
12410.000 1.327
12412.000 1.305
12414.000 1.304
12416.000 1.317
12418.000 1.322
12420.000 1.287
12422.000 1.309
12424.000 1.331
12426.000 1.315
12428.000 1.330
12430.000 1.325
12432.000 1.323
12434.000 1.304
12436.000 1.342
12438.000 1.321
12440.000 1.335
12442.000 1.330
12444.000 1.344
12446.000 1.316
12448.000 1.327
12450.000 1.349
12452.000 1.323
12454.000 1.339
12456.000 1.342
12458.000 1.346
12460.000 1.342
12462.000 1.331
12464.000 1.352
12466.000 1.320
12468.000 1.317
12470.000 1.351
12472.000 1.347
12474.000 1.326
12476.000 1.340
12478.000 1.351
12480.000 1.343
12482.000 1.352
12484.000 1.326
12486.000 1.326
12488.000 1.337
12490.000 1.368
12492.000 1.357
12494.000 1.329
12496.000 1.339
12498.000 1.346
12500.000 1.368
12502.000 1.378
12504.000 1.363
12506.000 1.353
12508.000 1.369
12510.000 1.372
12512.000 1.376
12514.000 1.363
12516.000 1.357
12518.000 1.350
12520.000 1.362
12522.000 1.352
12524.000 1.377
12526.000 1.374
12528.000 1.354
12530.000 1.365
12532.000 1.374
12534.000 1.356
12536.000 1.371
12538.000 1.358
12540.000 1.369
12542.000 1.377
12544.000 1.397
12546.000 1.364
12548.000 1.388
12550.000 1.377
12552.000 1.368
12554.000 1.377
12556.000 1.380
12558.000 1.384
12560.000 1.370
12562.000 1.411
12564.000 1.379
12566.000 1.383
12568.000 1.390
12570.000 1.391
12572.000 1.399
12574.000 1.389
12576.000 1.399
12578.000 1.385
12580.000 1.399
12582.000 1.392
12584.000 1.404
12586.000 1.428
12588.000 1.382
12590.000 1.425
12592.000 1.388
12594.000 1.402
12596.000 1.411
12598.000 1.410
12600.000 1.430
12602.000 1.405
12604.000 1.406
12606.000 1.381
12608.000 1.400
12610.000 1.420
12612.000 1.426
12614.000 1.445
12616.000 1.438
12618.000 1.442
12620.000 1.427
12622.000 1.420
12624.000 1.418
12626.000 1.441
12628.000 1.434
12630.000 1.445
12632.000 1.444
12634.000 1.422
12636.000 1.443
12638.000 1.423
12640.000 1.432
12642.000 1.469
12644.000 1.440
12646.000 1.456
12648.000 1.443
12650.000 1.459
12652.000 1.443
12654.000 1.433
12656.000 1.448
12658.000 1.455
12660.000 1.460
12662.000 1.462
12664.000 1.483
12666.000 1.455
12668.000 1.458
12670.000 1.464
12672.000 1.487
12674.000 1.476
12676.000 1.477
12678.000 1.453
12680.000 1.458
12682.000 1.521
12684.000 1.495
12686.000 1.484
12688.000 1.481
12690.000 1.478
12692.000 1.492
12694.000 1.496
12696.000 1.492
12698.000 1.498
12700.000 1.500
12702.000 1.501
12704.000 1.484
12706.000 1.522
12708.000 1.529
12710.000 1.485
12712.000 1.508
12714.000 1.515
12716.000 1.509
12718.000 1.530
12720.000 1.511
12722.000 1.534
12724.000 1.516
12726.000 1.523
12728.000 1.504
12730.000 1.514
12732.000 1.537
12734.000 1.514
12736.000 1.524
12738.000 1.522
12740.000 1.546
12742.000 1.541
12744.000 1.546
12746.000 1.562
12748.000 1.537
12750.000 1.552
12752.000 1.525
12754.000 1.571
12756.000 1.540
12758.000 1.554
12760.000 1.598
12762.000 1.543
12764.000 1.569
12766.000 1.564
12768.000 1.566
12770.000 1.573
12772.000 1.571
12774.000 1.581
12776.000 1.578
12778.000 1.588
12780.000 1.584
12782.000 1.580
12784.000 1.600
12786.000 1.595
12788.000 1.617
12790.000 1.626
12792.000 1.606
12794.000 1.594
12796.000 1.607
12798.000 1.606
12800.000 1.618
12802.000 1.602
12804.000 1.633
12806.000 1.617
12808.000 1.623
12810.000 1.628
12812.000 1.634
12814.000 1.637
12816.000 1.648
12818.000 1.617
12820.000 1.634
12822.000 1.646
12824.000 1.648
12826.000 1.637
12828.000 1.637
12830.000 1.663
12832.000 1.666
12834.000 1.646
12836.000 1.670
12838.000 1.658
12840.000 1.675
12844.000 1.679
12846.000 1.669
12848.000 1.685
12850.000 1.663
12852.000 1.688
12854.000 1.694
12856.000 1.676
12858.000 1.724
12860.000 1.680
12862.000 1.706
12864.000 1.727
12866.000 1.696
12868.000 1.706
12870.000 1.720
12872.000 1.742
12874.000 1.733
12876.000 1.719
12878.000 1.733
12880.000 1.745
12882.000 1.733
12884.000 1.755
12886.000 1.762
12888.000 1.771
12890.000 1.749
12892.000 1.760
12894.000 1.752
12896.000 1.762
12898.000 1.760
12900.000 1.779
12902.000 1.749
12904.000 1.760
12906.000 1.757
12908.000 1.802
12910.000 1.791
12912.000 1.799
12914.000 1.798
12916.000 1.815
12918.000 1.803
12920.000 1.800
12922.000 1.803
12924.000 1.838
12926.000 1.810
12928.000 1.815
12930.000 1.825
12932.000 1.854
12934.000 1.852
12936.000 1.857
12938.000 1.845
12940.000 1.850
12942.000 1.854
12944.000 1.858
12946.000 1.856
12948.000 1.842
12950.000 1.854
12952.000 1.862
12954.000 1.872
12956.000 1.885
12958.000 1.921
12960.000 1.887
12962.000 1.896
12964.000 1.900
12966.000 1.902
12968.000 1.895
12970.000 1.913
12972.000 1.927
12974.000 1.928
12976.000 1.904
12978.000 1.911
12980.000 1.930
12982.000 1.952
12984.000 1.975
12986.000 1.953
12988.000 1.931
12990.000 1.936
12992.000 1.961
12994.000 1.959
12996.000 1.942
12998.000 1.955
13000.000 1.951
13002.000 1.942
13004.000 1.980
13006.000 1.981
13008.000 1.956
13010.000 1.970
13012.000 1.978
13014.000 1.976
13016.000 1.978
13018.000 1.989
13020.000 1.998
13022.000 2.017
13026.000 2.009
13028.000 2.018
13030.000 2.021
13032.000 2.018
13034.000 2.010
13036.000 2.008
13038.000 2.042
13040.000 2.047
13042.000 2.051
13044.000 2.052
13046.000 2.076
13048.000 2.103
13050.000 2.067
13052.000 2.087
13054.000 2.085
13056.000 2.090
13058.000 2.102
13060.000 2.104
13062.000 2.093
13064.000 2.107
13066.000 2.143
13068.000 2.122
13070.000 2.150
13072.000 2.165
13074.000 2.161
13076.000 2.150
13078.000 2.174
13080.000 2.189
13082.000 2.203
13084.000 2.208
13086.000 2.222
13088.000 2.224
13090.000 2.239
13092.000 2.220
13094.000 2.241
13096.000 2.245
13098.000 2.252
13100.000 2.268
13102.000 2.242
13104.000 2.265
13106.000 2.285
13108.000 2.281
13110.000 2.281
13112.000 2.298
13114.000 2.312
13116.000 2.334
13118.000 2.331
13120.000 2.343
13122.000 2.351
13124.000 2.361
13126.000 2.370
13128.000 2.377
13130.000 2.361
13134.000 2.391
13136.000 2.377
13138.000 2.405
13140.000 2.431
13142.000 2.419
13144.000 2.438
13146.000 2.440
13148.000 2.457
13150.000 2.463
13152.000 2.479
13154.000 2.471
13156.000 2.467
13158.000 2.500
13160.000 2.511
13162.000 2.524
13164.000 2.528
13166.000 2.525
13168.000 2.565
13170.000 2.549
13172.000 2.559
13174.000 2.580
13176.000 2.583
13178.000 2.597
13180.000 2.608
13182.000 2.612
13184.000 2.648
13186.000 2.632
13188.000 2.661
13190.000 2.655
13192.000 2.704
13194.000 2.675
13196.000 2.709
13198.000 2.707
13200.000 2.704
13202.000 2.758
13204.000 2.749
13206.000 2.732
13208.000 2.782
13210.000 2.784
13212.000 2.781
13214.000 2.810
13216.000 2.834
13218.000 2.861
13220.000 2.855
13222.000 2.879
13224.000 2.868
13226.000 2.887
13228.000 2.897
13230.000 2.895
13234.000 2.936
13236.000 2.958
13238.000 2.971
13240.000 2.973
13242.000 2.979
13244.000 2.989
13246.000 3.024
13248.000 3.039
13250.000 3.047
13252.000 3.062
13254.000 3.078
13256.000 3.105
13258.000 3.094
13260.000 3.125
13262.000 3.144
13264.000 3.134
13266.000 3.181
13268.000 3.180
13270.000 3.201
13272.000 3.241
13274.000 3.238
13276.000 3.258
13278.000 3.286
13280.000 3.278
13282.000 3.312
13284.000 3.298
13286.000 3.330
13290.000 3.376
13292.000 3.391
13294.000 3.442
13296.000 3.415
13298.000 3.432
13300.000 3.471
13302.000 3.492
13304.000 3.524
13306.000 3.503
13308.000 3.539
13310.000 3.568
13312.000 3.599
13314.000 3.603
13316.000 3.634
13318.000 3.683
13320.000 3.665
13322.000 3.709
13324.000 3.713
13326.000 3.767
13328.000 3.771
13330.000 3.807
13332.000 3.812
13334.000 3.859
13338.000 3.883
13340.000 3.923
13342.000 3.914
13344.000 3.968
13346.000 3.973
13348.000 4.025
13350.000 4.056
13352.000 4.037
13354.000 4.106
13356.000 4.126
13358.000 4.166
13360.000 4.190
13362.000 4.219
13364.000 4.241
13366.000 4.291
13370.000 4.338
13372.000 4.416
13376.000 4.418
13378.000 4.459
13380.000 4.497
13382.000 4.544
13386.000 4.576
13388.000 4.633
13390.000 4.675
13392.000 4.681
13394.000 4.742
13396.000 4.792
13398.000 4.828
13400.000 4.878
13402.000 4.927
13404.000 4.964
13406.000 4.980
13408.000 5.055
13410.000 5.064
13412.000 5.125
13414.000 5.146
13416.000 5.202
13418.000 5.235
13420.000 5.278
13422.000 5.335
13424.000 5.388
13426.000 5.431
13428.000 5.439
13430.000 5.509
13432.000 5.564
13434.000 5.633
13436.000 5.661
13438.000 5.725
13440.000 5.771
13442.000 5.858
13444.000 5.919
13446.000 5.975
13448.000 6.041
13450.000 6.056
13452.000 6.125
13454.000 6.225
13456.000 6.251
13458.000 6.309
13460.000 6.385
13462.000 6.452
13464.000 6.557
13466.000 6.598
13468.000 6.703
13470.000 6.737
13472.000 6.824
13474.000 6.906
13476.000 6.978
13478.000 7.068
13480.000 7.125
13482.000 7.207
13484.000 7.332
13486.000 7.387
13488.000 7.482
13490.000 7.552
13492.000 7.664
13494.000 7.787
13496.000 7.827
13498.000 7.982
13500.000 8.054
13502.000 8.152
13504.000 8.295
13506.000 8.355
13508.000 8.502
13510.000 8.576
13512.000 8.704
13514.000 8.828
13516.000 8.938
13518.000 9.080
13520.000 9.151
13522.000 9.311
13524.000 9.462
13526.000 9.555
13528.000 9.708
13530.000 9.827
13532.000 9.990
13534.000 10.170
13536.000 10.282
13538.000 10.478
13540.000 10.558
13542.000 10.760
13544.000 10.856
13546.000 11.056
13548.000 11.249
13550.000 11.378
13552.000 11.594
13554.000 11.691
13556.000 11.915
13558.000 12.177
13560.000 12.278
13562.000 12.507
13564.000 12.615
13566.000 12.879
13568.000 12.949
13570.000 13.242
13572.000 13.495
13574.000 13.606
13576.000 13.847
13578.000 14.082
13580.000 14.195
13582.000 14.430
13584.000 14.546
13586.000 14.770
13588.000 14.986
13590.000 15.127
13592.000 15.200
13594.000 15.390
13596.000 15.566
13598.000 15.728
13600.000 15.807
13602.000 15.960
13604.000 16.017
13606.000 16.130
13608.000 16.234
13610.000 16.266
13612.000 16.335
13614.000 16.370
13616.000 16.391
13618.000 16.378
13620.000 16.390
13622.000 16.317
13624.000 16.325
13626.000 16.263
13628.000 16.131
13630.000 16.124
13632.000 15.993
13634.000 15.941
13636.000 15.800
13638.000 15.624
13640.000 15.517
13642.000 15.340
13644.000 15.260
13646.000 15.056
13648.000 14.844
13650.000 14.739
13652.000 14.532
13654.000 14.397
13656.000 14.154
13658.000 13.909
13660.000 13.809
13662.000 13.551
13664.000 13.432
13666.000 13.183
13668.000 12.945
13670.000 12.826
13672.000 12.599
13674.000 12.472
13676.000 12.256
13678.000 12.027
13680.000 11.906
13682.000 11.663
13684.000 11.574
13686.000 11.351
13688.000 11.154
13690.000 11.029
13692.000 10.820
13694.000 10.711
13696.000 10.528
13698.000 10.432
13700.000 10.248
13702.000 10.039
13704.000 9.923
13706.000 9.733
13708.000 9.582
13710.000 9.472
13712.000 9.331
13714.000 9.243
13716.000 9.078
13718.000 8.941
13720.000 8.856
13722.000 8.712
13724.000 8.609
13726.000 8.470
13728.000 8.326
13730.000 8.250
13732.000 8.192
13734.000 8.088
13736.000 7.941
13738.000 7.812
13740.000 7.764
13742.000 7.627
13744.000 7.579
13746.000 7.439
13748.000 7.322
13750.000 7.278
13752.000 7.198
13754.000 7.140
13756.000 7.011
13758.000 6.901
13760.000 6.854
13762.000 6.754
13764.000 6.706
13766.000 6.610
13768.000 6.544
13770.000 6.498
13772.000 6.399
13774.000 6.348
13776.000 6.271
13778.000 6.222
13780.000 6.125
13782.000 6.086
13784.000 6.000
13786.000 5.918
13788.000 5.895
13790.000 5.806
13792.000 5.747
13794.000 5.719
13796.000 5.659
13798.000 5.616
13800.000 5.552
13802.000 5.479
13804.000 5.444
13806.000 5.410
13808.000 5.332
13810.000 5.290
13812.000 5.251
13814.000 5.216
13816.000 5.138
13818.000 5.095
13820.000 5.047
13822.000 4.985
13824.000 4.976
13826.000 4.920
13828.000 4.878
13830.000 4.837
13832.000 4.766
13834.000 4.763
13836.000 4.706
13838.000 4.689
13840.000 4.644
13842.000 4.602
13844.000 4.554
13846.000 4.513
13848.000 4.481
13850.000 4.469
13852.000 4.396
13854.000 4.369
13856.000 4.355
13858.000 4.335
13860.000 4.283
13862.000 4.247
13864.000 4.216
13866.000 4.189
13868.000 4.143
13870.000 4.114
13872.000 4.108
13874.000 4.044
13876.000 4.020
13878.000 3.991
13880.000 3.979
13882.000 3.931
13884.000 3.892
13886.000 3.892
13888.000 3.862
13890.000 3.840
13892.000 3.829
13894.000 3.803
13896.000 3.732
13898.000 3.739
13900.000 3.706
13902.000 3.715
13904.000 3.646
13906.000 3.638
13908.000 3.614
13910.000 3.593
13912.000 3.563
13914.000 3.548
13916.000 3.529
13918.000 3.517
13920.000 3.486
13922.000 3.467
13924.000 3.442
13926.000 3.407
13928.000 3.392
13930.000 3.377
13932.000 3.369
13934.000 3.333
13936.000 3.337
13938.000 3.301
13940.000 3.281
13942.000 3.264
13944.000 3.223
13946.000 3.234
13948.000 3.209
13950.000 3.182
13952.000 3.162
13954.000 3.163
13956.000 3.120
13958.000 3.133
13960.000 3.083
13962.000 3.089
13964.000 3.066
13966.000 3.047
13968.000 3.033
13970.000 3.005
13972.000 3.000
13974.000 2.987
13976.000 2.971
13978.000 2.959
13980.000 2.927
13982.000 2.920
13984.000 2.906
13986.000 2.881
13988.000 2.887
13990.000 2.855
13992.000 2.850
13994.000 2.830
13996.000 2.807
13998.000 2.789
14000.000 2.794
