10.000 0.279
20.000 0.189
30.000 0.546
40.000 0.421
50.000 2.672
60.000 2.819
70.000 2.216
80.000 2.908
90.000 2.102
100.000 2.108
110.000 1.070
120.000 1.293
130.000 1.535
140.000 3.146
150.000 2.336
160.000 2.164
170.000 2.545
180.000 4.608
190.000 4.947
200.000 7.965
210.000 9.590
220.000 7.061
230.000 4.270
240.000 3.701
250.000 3.193
260.000 2.476
270.000 2.432
280.000 2.528
290.000 2.525
300.000 2.878
310.000 3.283
320.000 3.531
330.000 4.130
340.000 4.763
350.000 6.700
360.000 9.795
370.000 12.012
380.000 20.343
390.000 27.186
400.000 38.751
410.000 25.612
420.000 21.375
430.000 17.411
440.000 15.752
450.000 15.073
460.000 14.018
470.000 13.796
480.000 13.018
490.000 12.749
500.000 12.309
510.000 12.405
520.000 12.475
530.000 13.435
540.000 14.467
550.000 17.082
560.000 22.580
570.000 26.624
580.000 39.337
590.000 43.716
600.000 26.138
610.000 14.120
620.000 11.747
630.000 8.513
640.000 7.339
650.000 6.011
660.000 5.615
670.000 5.218
680.000 4.866
690.000 4.930
700.000 5.034
710.000 5.170
720.000 5.809
730.000 6.599
740.000 7.200
750.000 10.600
760.000 16.606
770.000 20.048
780.000 12.014
790.000 8.018
800.000 5.328
810.000 4.675
820.000 3.489
830.000 2.774
840.000 2.474
850.000 2.045
860.000 2.067
870.000 1.964
880.000 2.161
890.000 1.930
900.000 2.175
910.000 2.236
920.000 2.289
930.000 3.641
940.000 4.650
950.000 6.666
960.000 6.458
970.000 2.877
980.000 1.785
990.000 1.596
1000.000 1.210
1010.000 1.162
1020.000 0.887
1030.000 0.914
1040.000 0.900
1050.000 0.843
1060.000 0.812
1070.000 1.031
1080.000 1.239
1090.000 1.483
1100.000 1.914
1110.000 2.396
1120.000 3.886
1130.000 4.409
1140.000 3.220
1150.000 1.916
1160.000 1.622
1170.000 1.325
1180.000 1.087
1190.000 1.137
1200.000 1.117
1210.000 1.054
1220.000 1.215
1230.000 1.355
1240.000 1.415
1250.000 1.727
1260.000 2.098
1270.000 2.986
1280.000 4.683
1290.000 5.643
1300.000 5.283
1310.000 3.743
1320.000 2.303
1330.000 1.848
1340.000 1.847
1350.000 1.605
1360.000 1.542
1370.000 1.537
1380.000 1.740
1390.000 1.891
1400.000 2.125
1410.000 2.259
1420.000 3.274
1430.000 4.972
1440.000 6.019
1450.000 6.171
1460.000 4.564
1470.000 2.504
1480.000 2.290
1490.000 1.950
1500.000 1.892
1510.000 1.702
1520.000 1.734
1530.000 2.074
1540.000 2.138
1550.000 2.790
1560.000 3.198
1570.000 4.703
1580.000 4.999
1590.000 3.960
1600.000 2.349
1610.000 2.112
1620.000 1.567
1630.000 1.460
1640.000 1.614
1650.000 1.500
1660.000 1.599
1670.000 2.078
1680.000 2.530
1690.000 2.299
1700.000 1.307
1710.000 1.059
1720.000 0.891
1730.000 0.966
1740.000 1.057
1750.000 1.126
1760.000 1.002
1770.000 0.476
1780.000 0.286
1790.000 0.168
1800.000 0.139
1810.000 0.123
1820.000 0.093
1830.000 0.138
1840.000 0.066
1850.000 0.073
1860.000 0.062
1870.000 0.082
1880.000 0.083
1890.000 0.076
1900.000 0.048
1910.000 0.079
1920.000 0.055
1930.000 0.082
1940.000 0.095
1950.000 0.041
1960.000 0.071
1970.000 0.070
1980.000 0.087
1990.000 0.093
2000.000 0.100
2010.000 0.100
2020.000 0.083
2030.000 0.063
2040.000 0.077
2050.000 0.068
2060.000 0.138
2070.000 0.061
2080.000 0.078
2090.000 0.058
2100.000 0.064
2110.000 0.063
2120.000 0.086
2130.000 0.102
2140.000 0.061
2150.000 0.090
2160.000 0.110
2170.000 0.044
2180.000 0.049
2190.000 0.085
2200.000 0.038
2210.000 0.078
2220.000 0.048
2230.000 0.054
2240.000 0.040
2250.000 0.073
2260.000 0.046
2270.000 0.059
2280.000 0.053
2290.000 0.089
2300.000 0.069
2310.000 0.082
2320.000 0.058
2330.000 0.065
2340.000 0.074
2350.000 0.057
2360.000 0.065
2370.000 0.066
2380.000 0.046
2390.000 0.069
2400.000 0.084
2410.000 0.070
2420.000 0.087
2430.000 0.054
2440.000 0.121
2450.000 0.108
2460.000 0.072
2470.000 0.062
2480.000 0.081
2490.000 0.065
2500.000 0.041
2510.000 0.056
2520.000 0.056
2530.000 0.059
2540.000 0.073
2550.000 0.068
2560.000 0.040
2570.000 0.083
2580.000 0.051
2590.000 0.083
2600.000 0.093
2610.000 0.077
2620.000 0.053
2630.000 0.054
2640.000 0.096
2650.000 0.051
2660.000 0.081
2670.000 0.070
2680.000 0.051
2690.000 0.070
2700.000 0.052
2710.000 0.058
2720.000 0.101
2730.000 0.072
2740.000 0.048
2750.000 0.073
2760.000 0.059
2770.000 0.063
2780.000 0.057
2790.000 0.074
2800.000 0.071
2810.000 0.062
2820.000 0.083
2830.000 0.082
2840.000 0.046
2850.000 0.064
2860.000 0.063
2870.000 0.063
2880.000 0.063
2890.000 0.053
2900.000 0.078
2910.000 0.053
2920.000 0.049
2930.000 0.072
2940.000 0.058
2950.000 0.054
2960.000 0.072
2970.000 0.059
2980.000 0.070
2990.000 0.067
3000.000 0.056
3010.000 0.054
3020.000 0.053
3030.000 0.105
3040.000 0.043
3050.000 0.072
3060.000 0.054
3070.000 0.043
3080.000 0.050
3090.000 0.040
3100.000 0.061
3110.000 0.056
3120.000 0.088
3130.000 0.069
3140.000 0.056
3150.000 0.057
3160.000 0.038
3170.000 0.066
3180.000 0.063
3190.000 0.053
3200.000 0.053
3210.000 0.036
3220.000 0.044
3230.000 0.102
3240.000 0.048
3250.000 0.045
3260.000 0.070
3270.000 0.089
3280.000 0.071
3290.000 0.084
3300.000 0.090
3310.000 0.047
3320.000 0.116
3330.000 0.134
3340.000 0.291
3350.000 0.376
3360.000 0.852
3370.000 1.977
3380.000 3.296
3390.000 9.185
3400.000 14.327
3410.000 21.542
3420.000 25.663
3430.000 24.775
3440.000 17.659
3450.000 16.659
3460.000 18.224
3470.000 24.127
3480.000 27.793
3490.000 26.753
3500.000 20.792
3510.000 14.800
3520.000 13.318
3530.000 14.133
3540.000 15.358
3550.000 17.340
3560.000 23.003
3570.000 24.450
3580.000 20.308
3590.000 13.169
3600.000 11.432
3610.000 9.655
3620.000 9.388
3630.000 9.593
3640.000 11.080
3650.000 12.401
3660.000 16.870
3670.000 22.081
3680.000 21.574
3690.000 13.633
3700.000 11.168
3710.000 8.577
3720.000 7.643
3730.000 7.504
3740.000 7.751
3750.000 8.284
3760.000 10.128
3770.000 11.573
3780.000 15.510
3790.000 15.772
3800.000 12.801
3810.000 8.324
3820.000 7.157
3830.000 5.925
3840.000 5.473
3850.000 5.506
3860.000 5.826
3870.000 6.296
3880.000 7.944
3890.000 10.801
3900.000 12.298
3910.000 11.447
3920.000 7.128
3930.000 5.980
3940.000 4.807
3950.000 4.452
3960.000 4.255
3970.000 4.307
3980.000 4.753
3990.000 5.936
4000.000 6.812
4010.000 8.518
4020.000 8.387
4030.000 5.658
4040.000 3.993
4050.000 3.579
4060.000 3.147
4070.000 3.086
4080.000 3.210
4090.000 3.823
4100.000 4.352
4110.000 5.536
4120.000 5.720
4130.000 4.118
4140.000 2.827
4150.000 2.482
4160.000 2.244
4170.000 2.256
4180.000 2.491
4190.000 3.025
4200.000 3.201
4210.000 2.666
4220.000 2.077
4230.000 1.446
4240.000 1.268
4250.000 1.267
4260.000 1.306
4270.000 1.136
4280.000 0.906
4290.000 0.596
4300.000 0.497
4310.000 0.284
4320.000 0.142
4330.000 0.099
4340.000 0.057
4350.000 0.044
4360.000 0.086
4370.000 0.060
4380.000 0.071
4390.000 0.051
4400.000 0.071
4410.000 0.061
4420.000 0.063
4430.000 0.048
4440.000 0.038
4450.000 0.053
4460.000 0.048
4470.000 0.068
4480.000 0.061
4490.000 0.048
4500.000 0.054
4510.000 0.071
4520.000 0.077
4530.000 0.063
4540.000 0.065
4550.000 0.090
4560.000 0.060
4570.000 0.061
4580.000 0.049
4590.000 0.062
4600.000 0.062
4610.000 0.061
4620.000 0.062
4630.000 0.071
4640.000 0.058
4650.000 0.064
4660.000 0.045
4670.000 0.046
4680.000 0.085
4690.000 0.059
4700.000 0.063
4710.000 0.050
4720.000 0.057
4730.000 0.059
4740.000 0.062
4750.000 0.052
4760.000 0.064
4770.000 0.072
4780.000 0.084
4790.000 0.069
4800.000 0.061
4810.000 0.091
4820.000 0.066
4830.000 0.074
4840.000 0.071
4850.000 0.057
4860.000 0.050
4870.000 0.062
4880.000 0.073
4890.000 0.077
4900.000 0.056
4910.000 0.061
4920.000 0.058
4930.000 0.048
4940.000 0.071
4950.000 0.060
4960.000 0.098
4970.000 0.040
4980.000 0.050
4990.000 0.077
5000.000 0.060
5010.000 0.042
5020.000 0.041
5030.000 0.057
5040.000 0.059
5050.000 0.055
5060.000 0.032
5070.000 0.055
5080.000 0.062
5090.000 0.083
5100.000 0.066
5110.000 0.075
5120.000 0.061
5130.000 0.042
5140.000 0.068
5150.000 0.049
5160.000 0.070
5170.000 0.053
5180.000 0.078
5190.000 0.057
5200.000 0.091
5210.000 0.079
5220.000 0.070
5230.000 0.070
5240.000 0.091
5250.000 0.072
5260.000 0.066
5270.000 0.048
5280.000 0.055
5290.000 0.075
5300.000 0.039
5310.000 0.074
5320.000 0.056
5330.000 0.032
5340.000 0.036
5350.000 0.045
5360.000 0.040
5370.000 0.027
5380.000 0.032
5390.000 0.037
5400.000 0.039
5410.000 0.035
5420.000 0.057
5430.000 0.040
5440.000 0.057
5450.000 0.050
5460.000 0.051
5470.000 0.049
5480.000 0.069
5490.000 0.091
5500.000 0.052
5510.000 0.067
5520.000 0.048
5530.000 0.059
5540.000 0.044
5550.000 0.047
5560.000 0.071
5570.000 0.055
5580.000 0.091
5590.000 0.058
5600.000 0.063
5610.000 0.056
5620.000 0.032
5630.000 0.039
5640.000 0.079
5650.000 0.038
5660.000 0.072
5670.000 0.048
5680.000 0.063
5690.000 0.052
5700.000 0.046
5710.000 0.084
5720.000 0.038
5730.000 0.087
5740.000 0.057
5750.000 0.072
5760.000 0.057
5770.000 0.057
5780.000 0.077
5790.000 0.038
5800.000 0.066
5810.000 0.058
5820.000 0.055
5830.000 0.077
5840.000 0.085
5850.000 0.050
5860.000 0.038
5870.000 0.078
5880.000 0.074
5890.000 0.057
5900.000 0.063
5910.000 0.053
5920.000 0.033
5930.000 0.054
5940.000 0.044
5950.000 0.065
5960.000 0.056
5970.000 0.066
5980.000 0.067
5990.000 0.041
6000.000 0.060
6010.000 0.061
6020.000 0.051
6030.000 0.048
6040.000 0.058
6050.000 0.041
6060.000 0.038
6070.000 0.067
6080.000 0.065
6090.000 0.050
6100.000 0.057
6110.000 0.061
6120.000 0.063
6130.000 0.062
6140.000 0.050
6150.000 0.068
6160.000 0.058
6170.000 0.049
6180.000 0.069
6190.000 0.058
6200.000 0.039
6210.000 0.060
6220.000 0.037
6230.000 0.042
6240.000 0.053
6250.000 0.032
6260.000 0.083
6270.000 0.040
6280.000 0.039
6290.000 0.060
6300.000 0.034
6310.000 0.067
6320.000 0.056
6330.000 0.059
6340.000 0.061
6350.000 0.074
6360.000 0.092
6370.000 0.052
6380.000 0.085
6390.000 0.060
6400.000 0.065
6410.000 0.070
6420.000 0.086
6430.000 0.086
6440.000 0.039
6450.000 0.042
6460.000 0.080
6470.000 0.052
6480.000 0.038
6490.000 0.047
6500.000 0.052
6510.000 0.063
6520.000 0.057
6530.000 0.060
6540.000 0.076
6550.000 0.040
6560.000 0.064
6570.000 0.088
6580.000 0.075
6590.000 0.066
6600.000 0.086
6610.000 0.082
6620.000 0.074
6630.000 0.040
6640.000 0.058
6650.000 0.055
6660.000 0.085
6670.000 0.067
6680.000 0.071
6690.000 0.086
6700.000 0.053
6710.000 0.076
6720.000 0.123
6730.000 0.196
6740.000 0.366
6750.000 1.005
6760.000 1.729
6770.000 5.155
6780.000 11.127
6790.000 13.952
6800.000 15.932
6810.000 16.163
6820.000 18.878
6830.000 19.533
6840.000 18.083
6850.000 17.219
6860.000 20.325
6870.000 22.658
6880.000 23.394
6890.000 20.009
6900.000 15.156
6910.000 14.474
6920.000 15.265
6930.000 18.108
6940.000 19.466
6950.000 18.430
6960.000 16.072
6970.000 12.944
6980.000 12.397
6990.000 12.892
7000.000 15.437
7010.000 17.177
7020.000 18.470
7030.000 13.606
7040.000 11.591
7050.000 9.724
7060.000 9.448
7070.000 10.079
7080.000 11.901
7090.000 12.982
7100.000 13.262
7110.000 11.772
7120.000 8.873
7130.000 7.770
7140.000 7.716
7150.000 8.366
7160.000 9.079
7170.000 10.415
7180.000 9.142
7190.000 7.703
7200.000 5.949
7210.000 5.576
7220.000 5.546
7230.000 6.223
7240.000 6.557
7250.000 6.347
7260.000 4.803
7270.000 4.295
7280.000 3.836
7290.000 3.838
7300.000 3.920
7310.000 3.734
7320.000 2.692
7330.000 2.240
7340.000 1.794
7350.000 1.476
7360.000 1.254
7370.000 0.764
7380.000 0.538
7390.000 0.225
7400.000 0.065
7410.000 0.065
7420.000 0.050
7430.000 0.045
7440.000 0.045
7450.000 0.052
7460.000 0.063
7470.000 0.084
7480.000 0.040
7490.000 0.064
7500.000 0.058
7510.000 0.035
7520.000 0.062
7530.000 0.074
7540.000 0.072
7550.000 0.058
7560.000 0.061
7570.000 0.079
7580.000 0.038
7590.000 0.082
7600.000 0.033
7610.000 0.061
7620.000 0.085
7630.000 0.042
7640.000 0.047
7650.000 0.052
7660.000 0.047
7670.000 0.053
7680.000 0.064
7690.000 0.048
7700.000 0.037
7710.000 0.057
7720.000 0.062
7730.000 0.070
7740.000 0.074
7750.000 0.061
7760.000 0.072
7770.000 0.043
7780.000 0.049
7790.000 0.060
7800.000 0.049
7810.000 0.049
7820.000 0.041
7830.000 0.074
7840.000 0.064
7850.000 0.057
7860.000 0.061
7870.000 0.056
7880.000 0.059
7890.000 0.066
7900.000 0.050
7910.000 0.053
7920.000 0.055
7930.000 0.044
7940.000 0.040
7950.000 0.077
7960.000 0.042
7970.000 0.068
7980.000 0.063
7990.000 0.035
8000.000 0.048
8010.000 0.072
8020.000 0.065
8030.000 0.052
8040.000 0.105
8050.000 0.109
8060.000 0.064
8070.000 0.078
8080.000 0.063
8090.000 0.075
8100.000 0.062
8110.000 0.082
8120.000 0.047
8130.000 0.061
8140.000 0.072
8150.000 0.044
8160.000 0.070
8170.000 0.050
8180.000 0.043
8190.000 0.082
8200.000 0.083
8210.000 0.049
8220.000 0.069
8230.000 0.059
8240.000 0.053
8250.000 0.072
8260.000 0.054
8270.000 0.023
8280.000 0.080
8290.000 0.032
8300.000 0.084
8310.000 0.059
8320.000 0.047
8330.000 0.061
8340.000 0.053
8350.000 0.064
8360.000 0.053
8370.000 0.070
8380.000 0.072
8390.000 0.085
8400.000 0.042
8410.000 0.086
8420.000 0.037
8430.000 0.041
8440.000 0.048
8450.000 0.072
8460.000 0.052
8470.000 0.043
8480.000 0.062
8490.000 0.080
8500.000 0.048
8510.000 0.033
8520.000 0.069
8530.000 0.070
8540.000 0.060
8550.000 0.050
8560.000 0.052
8570.000 0.052
8580.000 0.049
8590.000 0.045
8600.000 0.058
8610.000 0.044
8620.000 0.046
8630.000 0.044
8640.000 0.057
8650.000 0.051
8660.000 0.044
8670.000 0.074
8680.000 0.041
8690.000 0.051
8700.000 0.063
8710.000 0.048
8720.000 0.053
8730.000 0.049
8740.000 0.053
8750.000 0.073
8760.000 0.064
8770.000 0.054
8780.000 0.058
8790.000 0.053
8800.000 0.056
8810.000 0.058
8820.000 0.049
8830.000 0.065
8840.000 0.039
8850.000 0.062
8860.000 0.027
8870.000 0.045
8880.000 0.065
8890.000 0.046
8900.000 0.036
8910.000 0.045
8920.000 0.062
8930.000 0.086
8940.000 0.051
8950.000 0.034
8960.000 0.050
8970.000 0.052
8980.000 0.055
8990.000 0.080
9000.000 0.044
9010.000 0.044
9020.000 0.035
9030.000 0.041
9040.000 0.088
9050.000 0.063
9060.000 0.061
9070.000 0.059
9080.000 0.054
9090.000 0.064
9100.000 0.071
9110.000 0.036
9120.000 0.053
9130.000 0.070
9140.000 0.051
9150.000 0.060
9160.000 0.070
9170.000 0.054
9180.000 0.029
9190.000 0.060
9200.000 0.050
9210.000 0.069
9220.000 0.047
9230.000 0.057
9240.000 0.050
9250.000 0.041
9260.000 0.064
9270.000 0.048
9280.000 0.044
9290.000 0.058
9300.000 0.061
9310.000 0.055
9320.000 0.053
9330.000 0.063
9340.000 0.066
9350.000 0.080
9360.000 0.046
9370.000 0.046
9380.000 0.048
9390.000 0.043
9400.000 0.064
9410.000 0.048
9420.000 0.043
9430.000 0.058
9440.000 0.071
9450.000 0.050
9460.000 0.049
9470.000 0.037
9480.000 0.061
9490.000 0.064
9500.000 0.050
9510.000 0.055
9520.000 0.051
9530.000 0.053
9540.000 0.058
9550.000 0.058
9560.000 0.051
9570.000 0.067
9580.000 0.090
9590.000 0.037
9600.000 0.059
9610.000 0.064
9620.000 0.035
9630.000 0.052
9640.000 0.062
9650.000 0.048
9660.000 0.045
9670.000 0.045
9680.000 0.063
9690.000 0.048
9700.000 0.065
9710.000 0.058
9720.000 0.059
9730.000 0.043
9740.000 0.043
9750.000 0.060
9760.000 0.043
9770.000 0.036
9780.000 0.044
9790.000 0.054
9800.000 0.072
9810.000 0.048
9820.000 0.059
9830.000 0.058
9840.000 0.063
9850.000 0.038
9860.000 0.063
9870.000 0.043
9880.000 0.068
9890.000 0.034
9900.000 0.040
9910.000 0.070
9920.000 0.064
9930.000 0.048
9940.000 0.036
9950.000 0.071
9960.000 0.072
9970.000 0.053
9980.000 0.068
9990.000 0.062
10000.000 0.058
10010.000 0.076
10020.000 0.030
10030.000 0.065
10040.000 0.081
10050.000 0.060
10060.000 0.083
10070.000 0.072
10080.000 0.132
10090.000 0.207
10100.000 0.371
10110.000 1.142
10120.000 1.782
10130.000 3.641
10140.000 5.307
10150.000 5.874
10160.000 7.153
10170.000 7.563
10180.000 7.579
10190.000 8.060
10200.000 8.741
10210.000 10.025
10220.000 9.982
10230.000 8.905
10240.000 8.789
10250.000 9.181
10260.000 10.170
10270.000 10.147
10280.000 8.798
10290.000 7.733
10300.000 7.701
10310.000 8.412
10320.000 9.074
10330.000 9.798
10340.000 9.371
10350.000 7.713
10360.000 6.906
10370.000 6.904
10380.000 7.423
10390.000 7.758
10400.000 7.659
10410.000 6.367
10420.000 5.839
10430.000 5.377
10440.000 5.460
10450.000 5.951
10460.000 6.211
10470.000 5.866
10480.000 4.727
10490.000 4.369
10500.000 4.132
10510.000 4.257
10520.000 4.373
10530.000 3.825
10540.000 3.385
10550.000 2.681
10560.000 2.345
10570.000 2.276
10580.000 2.102
10590.000 1.906
10600.000 1.435
10610.000 1.112
10620.000 0.999
10630.000 0.581
10640.000 0.399
10650.000 0.157
10660.000 0.078
10670.000 0.036
10680.000 0.031
10690.000 0.039
10700.000 0.050
10710.000 0.048
10720.000 0.038
10730.000 0.040
10740.000 0.052
10750.000 0.050
10760.000 0.051
10770.000 0.047
10780.000 0.041
10790.000 0.061
10800.000 0.048
10810.000 0.034
10820.000 0.055
10830.000 0.050
10840.000 0.060
10850.000 0.075
10860.000 0.049
10870.000 0.064
10880.000 0.043
10890.000 0.055
10900.000 0.060
10910.000 0.042
10920.000 0.038
10930.000 0.051
10940.000 0.070
10950.000 0.052
10960.000 0.060
10970.000 0.029
10980.000 0.057
10990.000 0.050
11000.000 0.030
11010.000 0.047
11020.000 0.041
11030.000 0.056
11040.000 0.043
11050.000 0.045
11060.000 0.038
11070.000 0.054
11080.000 0.039
11090.000 0.044
11100.000 0.039
11110.000 0.034
11120.000 0.056
11130.000 0.033
11140.000 0.067
11150.000 0.028
11160.000 0.061
11170.000 0.037
11180.000 0.036
11190.000 0.043
11200.000 0.059
11210.000 0.049
11220.000 0.047
11230.000 0.038
11240.000 0.064
11250.000 0.060
11260.000 0.053
11270.000 0.034
11280.000 0.048
11290.000 0.044
11300.000 0.061
11310.000 0.062
11320.000 0.031
11330.000 0.031
11340.000 0.036
11350.000 0.048
11360.000 0.052
11370.000 0.050
11380.000 0.066
11390.000 0.059
11400.000 0.082
11410.000 0.042
11420.000 0.051
11430.000 0.067
11440.000 0.057
11450.000 0.038
11460.000 0.054
11470.000 0.036
11480.000 0.038
11490.000 0.063
11500.000 0.049
11510.000 0.035
11520.000 0.043
11530.000 0.061
11540.000 0.038
11550.000 0.038
11560.000 0.049
11570.000 0.053
11580.000 0.065
11590.000 0.045
11600.000 0.026
11610.000 0.034
11620.000 0.051
11630.000 0.053
11640.000 0.047
11650.000 0.060
11660.000 0.045
11670.000 0.049
11680.000 0.053
11690.000 0.041
11700.000 0.060
11710.000 0.047
11720.000 0.028
11730.000 0.057
11740.000 0.044
11750.000 0.062
11760.000 0.042
11770.000 0.034
11780.000 0.051
11790.000 0.061
11800.000 0.048
11810.000 0.032
11820.000 0.049
11830.000 0.041
11840.000 0.043
11850.000 0.054
11860.000 0.064
11870.000 0.037
11880.000 0.052
11890.000 0.066
11900.000 0.050
11910.000 0.053
11920.000 0.066
11930.000 0.063
11940.000 0.056
11950.000 0.039
11960.000 0.041
11970.000 0.056
11980.000 0.047
11990.000 0.049
12000.000 0.055
