10.000 1.793
20.000 1.788
30.000 2.300
40.000 3.263
50.000 4.423
60.000 7.745
70.000 10.196
80.000 10.117
90.000 7.947
100.000 10.625
110.000 5.866
120.000 8.620
130.000 4.540
140.000 8.601
150.000 8.966
160.000 6.532
170.000 7.621
180.000 9.979
190.000 8.082
200.000 8.828
210.000 8.007
220.000 8.470
230.000 8.641
240.000 7.930
250.000 8.081
260.000 8.066
270.000 8.053
280.000 8.108
290.000 8.814
300.000 9.711
310.000 10.728
320.000 11.033
330.000 9.380
340.000 10.488
350.000 10.633
360.000 11.735
370.000 12.439
380.000 13.051
390.000 14.743
400.000 15.304
410.000 17.278
420.000 18.140
430.000 20.325
440.000 22.582
450.000 23.582
460.000 25.245
470.000 23.804
480.000 23.946
490.000 22.987
500.000 22.295
510.000 20.002
520.000 19.146
530.000 17.538
540.000 15.767
550.000 15.421
560.000 15.342
570.000 13.538
580.000 12.500
590.000 11.057
600.000 10.604
610.000 9.940
620.000 9.366
630.000 8.582
640.000 7.799
650.000 7.570
660.000 7.097
670.000 6.885
680.000 6.452
690.000 5.841
700.000 5.406
710.000 4.907
720.000 4.974
730.000 4.714
740.000 4.387
750.000 4.209
760.000 4.021
770.000 3.985
780.000 3.426
790.000 3.227
800.000 3.150
810.000 2.884
820.000 2.567
830.000 2.836
840.000 2.732
850.000 2.475
860.000 2.322
870.000 2.450
880.000 1.894
890.000 1.715
900.000 1.579
910.000 1.321
920.000 1.454
930.000 1.324
940.000 1.289
950.000 1.276
960.000 1.124
970.000 1.262
980.000 1.036
990.000 1.106
1000.000 1.019
1010.000 1.050
1020.000 0.938
1030.000 0.932
1040.000 0.877
1050.000 0.932
1060.000 0.878
1070.000 0.911
1080.000 0.878
1090.000 0.925
1100.000 0.869
1110.000 0.893
1120.000 0.966
1130.000 0.929
1140.000 0.963
1150.000 0.957
1160.000 0.983
1170.000 0.978
1180.000 1.080
1190.000 1.116
1200.000 1.107
1210.000 1.178
1220.000 1.189
1230.000 1.238
1240.000 1.233
1250.000 1.279
1260.000 1.321
1270.000 1.383
1280.000 1.462
1290.000 1.445
1300.000 1.559
1310.000 1.585
1320.000 1.535
1330.000 1.637
1340.000 1.652
1350.000 1.732
1360.000 1.688
1370.000 1.756
1380.000 1.717
1390.000 1.833
1400.000 1.871
1410.000 1.889
1420.000 1.893
1430.000 2.010
1440.000 2.002
1450.000 2.161
1460.000 2.033
1470.000 2.054
1480.000 2.127
1490.000 2.197
1500.000 2.204
1510.000 2.293
1520.000 2.239
1530.000 2.356
1540.000 2.425
1550.000 2.213
1560.000 2.300
1570.000 2.562
1580.000 2.518
1590.000 2.464
1600.000 2.531
1610.000 2.502
1620.000 2.607
1630.000 2.595
1640.000 2.588
1650.000 2.411
1660.000 2.257
1670.000 2.349
1680.000 2.114
1690.000 2.198
1700.000 2.306
1710.000 2.529
1720.000 2.773
1730.000 3.105
1740.000 3.242
1750.000 3.511
1760.000 3.862
1770.000 3.881
1780.000 4.081
1790.000 4.283
1800.000 4.301
1810.000 4.535
1820.000 4.603
1830.000 4.729
1840.000 4.796
1850.000 4.913
1860.000 5.080
1870.000 5.135
1880.000 5.169
1890.000 5.227
1900.000 5.350
1910.000 5.573
1920.000 5.658
1930.000 5.704
1940.000 5.759
1950.000 5.915
1960.000 5.987
1970.000 6.050
1980.000 6.096
1990.000 6.158
2000.000 6.263
2010.000 6.424
2020.000 6.348
2030.000 6.509
2040.000 6.526
2050.000 6.559
2060.000 6.641
2070.000 6.620
2080.000 6.705
2090.000 6.693
2100.000 6.748
2110.000 6.759
2120.000 6.765
2130.000 6.797
2140.000 6.780
2150.000 6.705
2160.000 6.727
2170.000 6.712
2180.000 6.727
2190.000 6.747
2200.000 6.672
2210.000 6.609
2220.000 6.553
2230.000 6.622
2240.000 6.545
2250.000 6.504
2260.000 6.459
2270.000 6.462
2280.000 6.359
2290.000 6.339
2300.000 6.356
2310.000 6.307
2320.000 6.234
2330.000 6.214
2340.000 6.145
2350.000 6.168
2360.000 6.136
2370.000 6.098
2380.000 6.094
2390.000 5.999
2400.000 6.053
2410.000 5.967
2420.000 5.941
2430.000 5.904
2440.000 5.982
2450.000 5.920
2460.000 5.884
2470.000 5.903
2480.000 5.819
2490.000 5.900
2500.000 5.891
2510.000 5.827
2520.000 5.781
2530.000 5.816
2540.000 5.832
2550.000 5.772
2560.000 5.776
2570.000 5.774
2580.000 5.735
2590.000 5.824
2600.000 5.739
2610.000 5.757
2620.000 5.796
2630.000 5.808
2640.000 5.773
2650.000 5.823
2660.000 5.823
2670.000 5.865
2680.000 5.895
2690.000 5.899
2700.000 5.932
2710.000 5.933
2720.000 5.950
2730.000 5.955
2740.000 6.040
2750.000 6.043
2760.000 6.022
2770.000 6.097
2780.000 6.170
2790.000 6.172
2800.000 6.192
2810.000 6.209
2820.000 6.257
2830.000 6.360
2840.000 6.418
2850.000 6.452
2860.000 6.504
2870.000 6.456
2880.000 6.657
2890.000 6.699
2900.000 6.711
2910.000 6.858
2920.000 6.844
2930.000 7.030
2940.000 7.025
2950.000 7.096
2960.000 7.230
2970.000 7.323
2980.000 7.420
2990.000 7.492
3000.000 7.676
3010.000 7.698
3020.000 7.881
3030.000 8.038
3040.000 8.077
3050.000 8.312
3060.000 8.399
3070.000 8.568
3080.000 8.836
3090.000 8.919
3100.000 9.121
3110.000 9.310
3120.000 9.568
3130.000 9.851
3140.000 9.986
3150.000 10.336
3160.000 10.483
3170.000 10.860
3180.000 11.292
3190.000 11.509
3200.000 11.983
3210.000 12.198
3220.000 12.746
3230.000 13.415
3240.000 13.661
3250.000 14.450
3260.000 14.850
3270.000 15.733
3280.000 16.798
3290.000 17.302
3300.000 18.600
3310.000 19.270
3320.000 20.785
3330.000 22.657
3340.000 23.680
3350.000 26.116
3360.000 27.517
3370.000 30.883
3380.000 35.110
3390.000 37.607
3400.000 43.716
3410.000 47.440
3420.000 56.477
3430.000 67.412
3440.000 73.067
3450.000 82.069
3460.000 83.773
3470.000 79.042
3480.000 67.244
3490.000 61.032
3500.000 50.193
3510.000 45.772
3520.000 38.457
3530.000 32.977
3540.000 30.744
3550.000 26.991
3560.000 25.434
3570.000 22.709
3580.000 20.509
3590.000 19.552
3600.000 17.896
3610.000 17.061
3620.000 15.747
3630.000 14.557
3640.000 14.075
3650.000 13.080
3660.000 12.683
3670.000 11.870
3680.000 11.183
3690.000 10.858
3700.000 10.269
3710.000 10.000
3720.000 9.481
3730.000 8.978
3740.000 8.767
3750.000 8.401
3760.000 8.167
3770.000 7.808
3780.000 7.444
3790.000 7.298
3800.000 7.000
3810.000 6.853
3820.000 6.610
3830.000 6.326
3840.000 6.196
3850.000 5.981
3860.000 5.855
3870.000 5.672
3880.000 5.564
3890.000 5.386
3900.000 5.223
3910.000 5.113
3920.000 4.949
3930.000 4.863
3940.000 4.732
3950.000 4.562
3960.000 4.508
3970.000 4.352
3980.000 4.340
3990.000 4.240
4000.000 4.099
4010.000 4.034
4020.000 3.939
4030.000 3.872
4040.000 3.797
4050.000 3.673
4060.000 3.617
4070.000 3.540
4080.000 3.497
4090.000 3.399
4100.000 3.342
4110.000 3.301
4120.000 3.202
4130.000 3.151
4140.000 3.142
4150.000 3.070
4160.000 2.995
4170.000 2.927
4180.000 2.945
4190.000 2.891
4200.000 2.798
4210.000 2.752
4220.000 2.683
4230.000 2.668
4240.000 2.532
4250.000 2.410
4260.000 2.367
4270.000 2.286
4280.000 2.262
4290.000 2.166
4300.000 2.139
4310.000 2.133
4320.000 2.100
4330.000 2.053
4340.000 2.061
4350.000 2.061
4360.000 2.000
4370.000 2.008
4380.000 2.000
4390.000 1.975
4400.000 1.942
4410.000 1.931
4420.000 1.890
4430.000 1.944
4440.000 1.902
4450.000 1.853
4460.000 1.923
4470.000 1.843
4480.000 1.821
4490.000 1.851
4500.000 1.843
4510.000 1.836
4520.000 1.846
4530.000 1.862
4540.000 1.878
4550.000 1.858
4560.000 1.886
4570.000 1.934
4580.000 1.922
4590.000 1.951
4600.000 1.979
4610.000 2.012
4620.000 2.024
4630.000 2.090
4640.000 2.075
4650.000 2.083
4660.000 2.128
4670.000 2.170
4680.000 2.105
4690.000 2.103
4700.000 2.052
4710.000 1.994
4720.000 1.984
4730.000 1.899
4740.000 1.789
4750.000 1.756
4760.000 1.648
4770.000 1.579
4780.000 1.586
4790.000 1.527
4800.000 1.538
4810.000 1.561
4820.000 1.607
4830.000 1.605
4840.000 1.763
4850.000 1.886
4860.000 1.903
4870.000 2.107
4880.000 2.218
4890.000 2.377
4900.000 2.562
4910.000 2.649
4920.000 2.884
4930.000 2.990
4940.000 3.223
4950.000 3.472
4960.000 3.595
4970.000 3.881
4980.000 3.920
4990.000 4.209
5000.000 4.498
5010.000 4.641
5020.000 4.895
5030.000 5.018
5040.000 5.259
5050.000 5.404
5060.000 5.603
5070.000 5.778
5080.000 5.961
5090.000 6.038
5100.000 6.071
5110.000 6.202
5120.000 6.266
5130.000 6.306
5140.000 6.341
5150.000 6.292
5160.000 6.353
5170.000 6.326
5180.000 6.287
5190.000 6.208
5200.000 6.140
5210.000 6.128
5220.000 6.021
5230.000 5.988
5240.000 5.917
5250.000 5.865
5260.000 5.770
5270.000 5.674
5280.000 5.662
5290.000 5.540
5300.000 5.516
5310.000 5.448
5320.000 5.361
5330.000 5.330
5340.000 5.275
5350.000 5.214
5360.000 5.139
5370.000 5.072
5380.000 5.046
5390.000 5.006
5400.000 4.965
5410.000 4.906
5420.000 4.845
5430.000 4.839
5440.000 4.773
5450.000 4.715
5460.000 4.682
5470.000 4.641
5480.000 4.595
5490.000 4.583
5500.000 4.547
5510.000 4.498
5520.000 4.469
5530.000 4.484
5540.000 4.433
5550.000 4.389
5560.000 4.399
5570.000 4.371
5580.000 4.367
5590.000 4.322
5600.000 4.327
5610.000 4.301
5620.000 4.315
5630.000 4.285
5640.000 4.267
5650.000 4.237
5660.000 4.238
5670.000 4.216
5680.000 4.273
5690.000 4.214
5700.000 4.214
5710.000 4.215
5720.000 4.194
5730.000 4.224
5740.000 4.211
5750.000 4.208
5760.000 4.204
5770.000 4.222
5780.000 4.187
5790.000 4.222
5800.000 4.237
5810.000 4.221
5820.000 4.232
5830.000 4.270
5840.000 4.279
5850.000 4.268
5860.000 4.263
5870.000 4.284
5880.000 4.311
5890.000 4.348
5900.000 4.353
5910.000 4.350
5920.000 4.368
5930.000 4.417
5940.000 4.437
5950.000 4.414
5960.000 4.454
5970.000 4.502
5980.000 4.512
5990.000 4.564
6000.000 4.564
6010.000 4.607
6020.000 4.650
6030.000 4.686
6040.000 4.707
6050.000 4.734
6060.000 4.790
6070.000 4.794
6080.000 4.827
6090.000 4.892
6100.000 4.886
6110.000 4.898
6120.000 4.974
6130.000 5.026
6140.000 5.086
6150.000 5.093
6160.000 5.198
6170.000 5.271
6180.000 5.344
6190.000 5.386
6200.000 5.486
6210.000 5.492
6220.000 5.564
6230.000 5.659
6240.000 5.720
6250.000 5.697
6260.000 5.744
6270.000 5.783
6280.000 5.804
6290.000 5.886
6300.000 5.926
6310.000 5.977
6320.000 6.038
6330.000 6.203
6340.000 6.337
6350.000 6.391
6360.000 6.475
6370.000 6.537
6380.000 6.615
6390.000 6.754
6400.000 6.851
6410.000 7.016
6420.000 7.124
6430.000 7.338
6440.000 7.417
6450.000 7.535
6460.000 7.741
6470.000 7.857
6480.000 8.037
6490.000 8.238
6500.000 8.369
6510.000 8.599
6520.000 8.720
6530.000 9.037
6540.000 9.361
6550.000 9.538
6560.000 9.939
6570.000 10.168
6580.000 10.625
6590.000 11.079
6600.000 11.367
6610.000 11.868
6620.000 12.069
6630.000 12.683
6640.000 13.332
6650.000 13.735
6660.000 14.527
6670.000 15.017
6680.000 15.984
6690.000 17.133
6700.000 17.769
6710.000 19.220
6720.000 19.989
6730.000 21.854
6740.000 24.068
6750.000 25.365
6760.000 28.263
6770.000 30.002
6780.000 34.137
6790.000 39.394
6800.000 42.554
6810.000 50.274
6820.000 54.911
6830.000 66.272
6840.000 72.078
6850.000 81.720
6860.000 83.437
6870.000 80.175
6880.000 68.743
6890.000 62.629
6900.000 51.745
6910.000 43.408
6920.000 39.930
6930.000 34.439
6940.000 32.100
6950.000 28.329
6960.000 25.260
6970.000 23.954
6980.000 21.707
6990.000 20.727
7000.000 18.995
7010.000 17.492
7020.000 16.901
7030.000 15.698
7040.000 15.191
7050.000 14.250
7060.000 13.374
7070.000 13.015
7080.000 12.301
7090.000 11.969
7100.000 11.382
7110.000 10.829
7120.000 10.579
7130.000 10.107
7140.000 9.857
7150.000 9.482
7160.000 9.068
7170.000 8.916
7180.000 8.594
7190.000 8.421
7200.000 8.122
7210.000 7.861
7220.000 7.712
7230.000 7.454
7240.000 7.346
7250.000 7.116
7260.000 6.914
7270.000 6.785
7280.000 6.597
7290.000 6.485
7300.000 6.310
7310.000 6.161
7320.000 6.097
7330.000 5.914
7340.000 5.834
7350.000 5.738
7360.000 5.572
7370.000 5.520
7380.000 5.385
7390.000 5.348
7400.000 5.225
7410.000 5.124
7420.000 5.069
7430.000 4.931
7440.000 4.890
7450.000 4.810
7460.000 4.690
7470.000 4.700
7480.000 4.570
7490.000 4.555
7500.000 4.461
7510.000 4.376
7520.000 4.332
7530.000 4.284
7540.000 4.242
7550.000 4.189
7560.000 4.090
7570.000 4.082
7580.000 4.016
7590.000 3.960
7600.000 3.931
7610.000 3.846
7620.000 3.847
7630.000 3.792
7640.000 3.749
7650.000 3.680
7660.000 3.641
7670.000 3.627
7680.000 3.600
7690.000 3.550
7700.000 3.537
7710.000 3.469
7720.000 3.458
7730.000 3.419
7740.000 3.411
7750.000 3.359
7760.000 3.373
7770.000 3.293
7780.000 3.267
7790.000 3.238
7800.000 3.216
7810.000 3.206
7820.000 3.160
7830.000 3.108
7840.000 3.174
7850.000 3.096
7860.000 3.070
7870.000 3.091
7880.000 2.990
7890.000 3.029
7900.000 2.968
7910.000 2.961
7920.000 2.952
7930.000 2.964
7940.000 2.909
7950.000 2.919
7960.000 2.884
7970.000 2.898
7980.000 2.873
7990.000 2.864
8000.000 2.836
8010.000 2.801
8020.000 2.819
8030.000 2.796
8040.000 2.751
8050.000 2.755
8060.000 2.701
8070.000 2.742
8080.000 2.735
8090.000 2.681
8100.000 2.698
8110.000 2.689
8120.000 2.646
8130.000 2.709
8140.000 2.632
8150.000 2.631
8160.000 2.600
8170.000 2.568
8180.000 2.568
8190.000 2.584
8200.000 2.589
8210.000 2.541
8220.000 2.555
8230.000 2.522
8240.000 2.513
8250.000 2.504
8260.000 2.511
8270.000 2.506
8280.000 2.453
8290.000 2.461
8300.000 2.449
8310.000 2.465
8320.000 2.471
8330.000 2.412
8340.000 2.408
8350.000 2.419
8360.000 2.421
8370.000 2.410
8380.000 2.388
8390.000 2.371
8400.000 2.353
8410.000 2.356
8420.000 2.363
8430.000 2.355
8440.000 2.365
8450.000 2.373
8460.000 2.317
8470.000 2.345
8480.000 2.361
8490.000 2.331
8500.000 2.335
8510.000 2.322
8520.000 2.339
8530.000 2.325
8540.000 2.316
8550.000 2.360
8560.000 2.336
8570.000 2.303
8580.000 2.323
8590.000 2.325
8600.000 2.362
8610.000 2.336
8620.000 2.316
8630.000 2.306
8640.000 2.312
8650.000 2.353
8660.000 2.338
8670.000 2.300
8680.000 2.318
8690.000 2.314
8700.000 2.317
8710.000 2.358
8720.000 2.320
8730.000 2.311
8740.000 2.322
8750.000 2.323
8760.000 2.339
8770.000 2.279
8780.000 2.304
8790.000 2.364
8800.000 2.324
8810.000 2.347
8820.000 2.305
8830.000 2.347
8840.000 2.346
8850.000 2.348
8860.000 2.372
8870.000 2.378
8880.000 2.358
8890.000 2.354
8900.000 2.373
8910.000 2.382
8920.000 2.372
8930.000 2.401
8940.000 2.388
8950.000 2.385
8960.000 2.390
8970.000 2.379
8980.000 2.396
8990.000 2.399
9000.000 2.427
9010.000 2.409
9020.000 2.458
9030.000 2.416
9040.000 2.462
9050.000 2.425
9060.000 2.424
9070.000 2.476
9080.000 2.469
9090.000 2.456
9100.000 2.461
9110.000 2.494
9120.000 2.512
9130.000 2.519
9140.000 2.514
9150.000 2.528
9160.000 2.554
9170.000 2.544
9180.000 2.561
9190.000 2.572
9200.000 2.603
9210.000 2.604
9220.000 2.602
9230.000 2.645
9240.000 2.626
9250.000 2.652
9260.000 2.672
9270.000 2.691
9280.000 2.679
9290.000 2.685
9300.000 2.740
9310.000 2.724
9320.000 2.787
9330.000 2.825
9340.000 2.822
9350.000 2.814
9360.000 2.853
9370.000 2.869
9380.000 2.865
9390.000 2.901
9400.000 2.933
9410.000 2.960
9420.000 2.977
9430.000 3.024
9440.000 3.038
9450.000 3.056
9460.000 3.079
9470.000 3.095
9480.000 3.115
9490.000 3.134
9500.000 3.203
9510.000 3.193
9520.000 3.230
9530.000 3.249
9540.000 3.274
9550.000 3.338
9560.000 3.342
9570.000 3.385
9580.000 3.443
9590.000 3.481
9600.000 3.518
9610.000 3.564
9620.000 3.609
9630.000 3.613
9640.000 3.671
9650.000 3.704
9660.000 3.791
9670.000 3.833
9680.000 3.873
9690.000 3.933
9700.000 4.024
9710.000 4.042
9720.000 4.097
9730.000 4.161
9740.000 4.220
9750.000 4.264
9760.000 4.393
9770.000 4.457
9780.000 4.475
9790.000 4.558
9800.000 4.667
9810.000 4.765
9820.000 4.846
9830.000 4.942
9840.000 5.031
9850.000 5.170
9860.000 5.201
9870.000 5.401
9880.000 5.469
9890.000 5.632
9900.000 5.790
9910.000 5.932
9920.000 6.110
9930.000 6.222
9940.000 6.394
9950.000 6.662
9960.000 6.782
9970.000 7.030
9980.000 7.200
9990.000 7.496
10000.000 7.854
10010.000 8.051
10020.000 8.461
10030.000 8.644
10040.000 9.154
10050.000 9.663
10060.000 9.939
10070.000 10.579
10080.000 10.936
10090.000 11.721
10100.000 12.635
10110.000 13.144
10120.000 14.331
10130.000 14.986
10140.000 16.501
10150.000 18.370
10160.000 19.513
10170.000 22.078
10180.000 23.691
10190.000 27.581
10200.000 32.751
10210.000 35.959
10220.000 43.791
10230.000 48.335
10240.000 57.338
10250.000 61.576
10260.000 59.913
10270.000 50.910
10280.000 45.693
10290.000 36.655
10300.000 30.050
10310.000 27.423
10320.000 23.208
10330.000 21.505
10340.000 18.793
10350.000 16.592
10360.000 15.652
10370.000 14.077
10380.000 13.408
10390.000 12.251
10400.000 11.628
10410.000 10.731
10420.000 9.911
10430.000 9.587
10440.000 8.965
10450.000 8.709
10460.000 8.200
10470.000 7.810
10480.000 7.604
10490.000 7.326
10500.000 7.180
10510.000 6.860
10520.000 6.574
10530.000 6.416
10540.000 6.151
10550.000 6.061
10560.000 5.837
10570.000 5.646
10580.000 5.517
10590.000 5.312
10600.000 5.213
10610.000 4.996
10620.000 4.828
10630.000 4.729
10640.000 4.591
10650.000 4.519
10660.000 4.362
10670.000 4.192
10680.000 4.135
10690.000 4.013
10700.000 3.959
10710.000 3.881
10720.000 3.761
10730.000 3.679
10740.000 3.563
10750.000 3.537
10760.000 3.435
10770.000 3.336
10780.000 3.327
10790.000 3.221
10800.000 3.168
10810.000 3.099
10820.000 3.009
10830.000 2.959
10840.000 2.914
10850.000 2.923
10860.000 2.838
10870.000 2.775
10880.000 2.715
10890.000 2.672
10900.000 2.666
10910.000 2.616
10920.000 2.568
10930.000 2.506
10940.000 2.501
10950.000 2.486
10960.000 2.398
10970.000 2.381
10980.000 2.364
10990.000 2.310
11000.000 2.315
11010.000 2.256
11020.000 2.223
11030.000 2.200
11040.000 2.175
11050.000 2.148
11060.000 2.109
11070.000 2.104
11080.000 2.069
11090.000 2.036
11100.000 2.012
11110.000 2.009
11120.000 1.989
11130.000 1.960
11140.000 1.928
11150.000 1.896
11160.000 1.876
11170.000 1.852
11180.000 1.870
11190.000 1.822
11200.000 1.814
11210.000 1.790
11220.000 1.755
11230.000 1.763
11240.000 1.751
11250.000 1.736
11260.000 1.707
11270.000 1.678
11280.000 1.670
11290.000 1.670
11300.000 1.646
11310.000 1.664
11320.000 1.609
11330.000 1.618
11340.000 1.573
11350.000 1.582
11360.000 1.557
11370.000 1.540
11380.000 1.545
11390.000 1.544
11400.000 1.541
11410.000 1.512
11420.000 1.485
11430.000 1.507
11440.000 1.482
11450.000 1.461
11460.000 1.467
11470.000 1.465
11480.000 1.467
11490.000 1.428
11500.000 1.424
11510.000 1.424
11520.000 1.417
11530.000 1.397
11540.000 1.386
11550.000 1.376
11560.000 1.373
11570.000 1.380
11580.000 1.380
11590.000 1.359
11600.000 1.339
11610.000 1.360
11620.000 1.355
11630.000 1.318
11640.000 1.358
11650.000 1.331
11660.000 1.324
11670.000 1.292
11680.000 1.300
11690.000 1.273
11700.000 1.285
11710.000 1.289
11720.000 1.271
11730.000 1.278
11740.000 1.315
11750.000 1.274
11760.000 1.250
11770.000 1.262
11780.000 1.239
11790.000 1.259
11800.000 1.263
11810.000 1.237
11820.000 1.262
11830.000 1.250
11840.000 1.235
11850.000 1.234
11860.000 1.228
11870.000 1.251
11880.000 1.222
11890.000 1.240
11900.000 1.225
11910.000 1.232
11920.000 1.223
11930.000 1.221
11940.000 1.231
11950.000 1.231
11960.000 1.245
11970.000 1.223
11980.000 1.240
11990.000 1.241
12000.000 1.229
12010.000 1.228
12020.000 1.188
12030.000 1.229
12040.000 1.227
12050.000 1.234
12060.000 1.219
12070.000 1.190
12080.000 1.223
12090.000 1.215
12100.000 1.243
12110.000 1.239
12120.000 1.212
12130.000 1.267
12140.000 1.250
12150.000 1.261
12160.000 1.229
12170.000 1.241
12180.000 1.233
12190.000 1.267
12200.000 1.270
12210.000 1.247
12220.000 1.263
12230.000 1.237
12240.000 1.241
12250.000 1.244
12260.000 1.290
12270.000 1.280
12280.000 1.279
12290.000 1.277
12300.000 1.297
12310.000 1.296
12320.000 1.284
12330.000 1.322
12340.000 1.290
12350.000 1.307
12360.000 1.305
12370.000 1.309
12380.000 1.330
12390.000 1.298
12400.000 1.313
12410.000 1.343
12420.000 1.310
12430.000 1.315
12440.000 1.336
12450.000 1.342
12460.000 1.371
12470.000 1.353
12480.000 1.338
12490.000 1.348
12500.000 1.382
12510.000 1.353
12520.000 1.356
12530.000 1.366
12540.000 1.395
12550.000 1.380
12560.000 1.405
12570.000 1.382
12580.000 1.415
12590.000 1.426
12600.000 1.407
12610.000 1.421
12620.000 1.446
12630.000 1.450
12640.000 1.460
12650.000 1.484
12660.000 1.484
12670.000 1.480
12680.000 1.479
12690.000 1.491
12700.000 1.506
12710.000 1.519
12720.000 1.524
12730.000 1.538
12740.000 1.558
12750.000 1.607
12760.000 1.574
12770.000 1.589
12780.000 1.585
12790.000 1.602
12800.000 1.622
12810.000 1.634
12820.000 1.685
12830.000 1.675
12840.000 1.677
12850.000 1.695
12860.000 1.724
12870.000 1.722
12880.000 1.755
12890.000 1.742
12900.000 1.795
12910.000 1.801
12920.000 1.811
12930.000 1.818
12940.000 1.843
12950.000 1.888
12960.000 1.944
12970.000 1.909
12980.000 1.933
12990.000 1.961
13000.000 2.004
13010.000 2.056
13020.000 2.040
13030.000 2.088
13040.000 2.115
13050.000 2.155
13060.000 2.149
13070.000 2.208
13080.000 2.246
13090.000 2.298
13100.000 2.316
13110.000 2.362
13120.000 2.389
13130.000 2.429
13140.000 2.466
13150.000 2.530
13160.000 2.591
13170.000 2.584
13180.000 2.678
13190.000 2.721
13200.000 2.780
13210.000 2.853
13220.000 2.905
13230.000 3.008
13240.000 3.099
13250.000 3.121
13260.000 3.230
13270.000 3.243
13280.000 3.364
13290.000 3.493
13300.000 3.567
13310.000 3.680
13320.000 3.742
13330.000 3.881
13340.000 3.995
13350.000 4.159
13360.000 4.334
13370.000 4.428
13380.000 4.653
13390.000 4.765
13400.000 5.036
13410.000 5.300
13420.000 5.458
13430.000 5.745
13440.000 5.956
13450.000 6.328
13460.000 6.539
13470.000 6.979
13480.000 7.502
13490.000 7.777
13500.000 8.408
13510.000 8.749
13520.000 9.560
13530.000 10.434
13540.000 10.925
13550.000 11.966
13560.000 12.549
13570.000 13.732
13580.000 14.879
13590.000 15.397
13600.000 16.150
13610.000 16.364
13620.000 16.355
13630.000 15.808
13640.000 15.376
13650.000 14.303
13660.000 13.707
13670.000 12.511
13680.000 11.377
13690.000 10.853
13700.000 9.908
13710.000 9.026
13720.000 8.674
13730.000 8.007
13740.000 7.655
13750.000 7.087
13760.000 6.855
13770.000 6.365
13780.000 5.975
13790.000 5.779
13800.000 5.446
13810.000 5.283
13820.000 5.015
13830.000 4.773
13840.000 4.630
13850.000 4.413
13860.000 4.293
13870.000 4.090
13880.000 3.917
13890.000 3.848
13900.000 3.691
13910.000 3.582
13920.000 3.476
13930.000 3.346
13940.000 3.283
13950.000 3.152
13960.000 3.114
13970.000 3.035
13980.000 2.908
13990.000 2.864
14000.000 2.791
14010.000 2.739
14020.000 2.646
14030.000 2.589
14040.000 2.558
14050.000 2.497
14060.000 2.469
14070.000 2.377
14080.000 2.333
14090.000 2.300
14100.000 2.248
14110.000 2.204
14120.000 2.165
14130.000 2.125
14140.000 2.093
14150.000 2.064
14160.000 2.043
14170.000 1.989
14180.000 1.963
14190.000 1.932
14200.000 1.931
14210.000 1.897
14220.000 1.859
14230.000 1.817
14240.000 1.798
14250.000 1.763
14260.000 1.762
14270.000 1.730
14280.000 1.720
14290.000 1.665
14300.000 1.646
14310.000 1.666
14320.000 1.626
14330.000 1.570
14340.000 1.565
14350.000 1.564
14360.000 1.537
14370.000 1.518
14380.000 1.494
14390.000 1.509
14400.000 1.489
14410.000 1.483
14420.000 1.440
14430.000 1.434
14440.000 1.423
14450.000 1.420
14460.000 1.409
14470.000 1.411
14480.000 1.380
14490.000 1.384
14500.000 1.363
14510.000 1.348
14520.000 1.340
14530.000 1.326
14540.000 1.348
14550.000 1.279
14560.000 1.316
14570.000 1.292
14580.000 1.268
14590.000 1.273
14600.000 1.247
14610.000 1.273
14620.000 1.250
14630.000 1.246
14640.000 1.247
14650.000 1.233
14660.000 1.194
14670.000 1.218
14680.000 1.208
14690.000 1.191
14700.000 1.199
14710.000 1.197
14720.000 1.168
14730.000 1.167
14740.000 1.169
14750.000 1.168
14760.000 1.172
14770.000 1.157
14780.000 1.151
14790.000 1.161
14800.000 1.160
14810.000 1.138
14820.000 1.136
14830.000 1.144
14840.000 1.118
14850.000 1.122
14860.000 1.138
14870.000 1.136
14880.000 1.108
14890.000 1.132
14900.000 1.127
14910.000 1.104
14920.000 1.126
14930.000 1.104
14940.000 1.111
14950.000 1.103
14960.000 1.128
14970.000 1.104
14980.000 1.111
14990.000 1.084
15000.000 1.109
15010.000 1.115
15020.000 1.114
15030.000 1.087
15040.000 1.114
15050.000 1.108
15060.000 1.095
15070.000 1.121
15080.000 1.099
15090.000 1.098
15100.000 1.094
15110.000 1.126
15120.000 1.103
15130.000 1.108
15140.000 1.130
15150.000 1.112
15160.000 1.137
15170.000 1.129
15180.000 1.129
15190.000 1.136
15200.000 1.110
15210.000 1.109
15220.000 1.139
15230.000 1.146
15240.000 1.178
15250.000 1.136
15260.000 1.161
15270.000 1.164
15280.000 1.169
15290.000 1.186
15300.000 1.146
15310.000 1.185
15320.000 1.178
15330.000 1.180
15340.000 1.186
15350.000 1.196
15360.000 1.197
15370.000 1.205
15380.000 1.213
15390.000 1.209
15400.000 1.230
15410.000 1.205
15420.000 1.227
15430.000 1.241
15440.000 1.278
15450.000 1.252
15460.000 1.269
15470.000 1.260
15480.000 1.293
15490.000 1.267
15500.000 1.309
15510.000 1.301
15520.000 1.312
15530.000 1.325
15540.000 1.331
15550.000 1.339
15560.000 1.346
15570.000 1.347
15580.000 1.352
15590.000 1.376
15600.000 1.386
15610.000 1.388
15620.000 1.407
15630.000 1.404
15640.000 1.420
15650.000 1.443
15660.000 1.402
15670.000 1.445
15680.000 1.449
15690.000 1.454
15700.000 1.440
15710.000 1.434
15720.000 1.459
15730.000 1.448
15740.000 1.442
15750.000 1.453
15760.000 1.448
15770.000 1.442
15780.000 1.418
15790.000 1.402
15800.000 1.424
15810.000 1.392
15820.000 1.380
15830.000 1.340
15840.000 1.270
15850.000 1.254
15860.000 1.169
15870.000 1.116
15880.000 1.068
15890.000 1.012
15900.000 0.998
15910.000 0.940
15920.000 0.881
15930.000 0.906
15940.000 0.813
15950.000 0.799
15960.000 0.744
15970.000 0.669
15980.000 0.640
15990.000 0.557
16000.000 0.537
16010.000 0.455
16020.000 0.364
16030.000 0.311
16040.000 0.242
16050.000 0.181
16060.000 0.115
16070.000 0.031
16080.000 0.029
16090.000 0.147
16100.000 0.193
16110.000 0.272
16120.000 0.372
16130.000 0.455
16140.000 0.549
16150.000 0.620
16160.000 0.709
16170.000 0.836
16180.000 0.930
16190.000 1.025
16200.000 1.083
16210.000 1.266
16220.000 1.404
16230.000 1.500
16240.000 1.637
16250.000 1.728
16260.000 1.899
16270.000 2.104
16280.000 2.233
16290.000 2.414
16300.000 2.559
16310.000 2.822
16320.000 3.095
16330.000 3.261
16340.000 3.596
16350.000 3.771
16360.000 4.146
16370.000 4.603
16380.000 4.786
16390.000 5.323
16400.000 5.591
16410.000 6.220
16420.000 6.899
16430.000 7.293
16440.000 8.134
16450.000 8.595
16460.000 9.564
16470.000 10.622
16480.000 11.151
16490.000 12.224
16500.000 12.716
16510.000 13.655
16520.000 14.339
16530.000 14.465
16540.000 14.533
16550.000 14.401
16560.000 13.915
16570.000 13.234
16580.000 12.812
16590.000 11.997
16600.000 11.603
16610.000 10.821
16620.000 10.105
16630.000 9.783
16640.000 9.162
16650.000 8.885
16660.000 8.350
16670.000 7.920
16680.000 7.697
16690.000 7.298
16700.000 7.125
16710.000 6.791
16720.000 6.506
16730.000 6.399
16740.000 6.156
16750.000 6.029
16760.000 5.804
16770.000 5.641
16780.000 5.535
16790.000 5.367
16800.000 5.282
16810.000 5.165
16820.000 5.026
16830.000 4.958
16840.000 4.821
16850.000 4.772
16860.000 4.685
16870.000 4.564
16880.000 4.542
16890.000 4.474
16900.000 4.453
16910.000 4.380
16920.000 4.319
16930.000 4.301
16940.000 4.244
16950.000 4.241
16960.000 4.202
16970.000 4.163
16980.000 4.161
16990.000 4.122
17000.000 4.111
17010.000 4.118
17020.000 4.121
17030.000 4.102
17040.000 4.101
17050.000 4.096
17060.000 4.072
17070.000 4.063
17080.000 4.008
17090.000 3.873
17100.000 3.791
17110.000 3.493
17120.000 3.288
17130.000 2.946
17140.000 2.827
17150.000 2.877
17160.000 3.031
17170.000 3.113
17180.000 3.289
17190.000 3.457
17200.000 3.519
17210.000 3.657
17220.000 3.730
17230.000 3.840
17240.000 3.989
17250.000 4.032
17260.000 4.158
17270.000 4.223
17280.000 4.371
17290.000 4.509
17300.000 4.575
17310.000 4.734
17320.000 4.831
17330.000 5.008
17340.000 5.194
17350.000 5.416
17360.000 5.536
17370.000 5.657
17380.000 5.932
17390.000 6.239
17400.000 6.395
17410.000 6.757
17420.000 6.962
17430.000 7.411
17440.000 7.902
17450.000 8.180
17460.000 8.826
17470.000 9.149
17480.000 9.945
17490.000 10.819
17500.000 11.322
17510.000 12.382
17520.000 12.977
17530.000 14.238
17540.000 14.840
17550.000 15.949
17560.000 16.715
17570.000 16.878
17580.000 16.752
17590.000 16.471
17600.000 15.475
17610.000 14.205
17620.000 13.533
17630.000 12.204
17640.000 10.977
17650.000 10.439
17660.000 9.436
17670.000 8.976
17680.000 8.207
17690.000 7.503
17700.000 7.223
17710.000 6.671
17720.000 6.431
17730.000 5.990
17740.000 5.606
17750.000 5.435
17760.000 5.107
17770.000 4.938
17780.000 4.685
17790.000 4.468
17800.000 4.355
17810.000 4.176
17820.000 4.067
17830.000 3.907
17840.000 3.752
17850.000 3.688
17860.000 3.544
17870.000 3.459
17880.000 3.350
17890.000 3.257
17900.000 3.206
17910.000 3.115
17920.000 3.050
17930.000 2.979
17940.000 2.896
17950.000 2.852
17960.000 2.786
17970.000 2.748
17980.000 2.688
17990.000 2.623
18000.000 2.573
18010.000 2.511
18020.000 2.515
18030.000 2.449
18040.000 2.402
18050.000 2.382
18060.000 2.335
18070.000 2.306
18080.000 2.293
18090.000 2.237
18100.000 2.251
18110.000 2.179
18120.000 2.190
18130.000 2.181
18140.000 2.130
18150.000 2.134
18160.000 2.076
18170.000 2.101
18180.000 2.070
18190.000 2.075
18200.000 2.049
18210.000 2.045
18220.000 2.036
18230.000 2.017
18240.000 2.029
18250.000 2.019
18260.000 2.004
18270.000 1.996
18280.000 2.003
18290.000 2.001
18300.000 2.006
18310.000 2.012
18320.000 1.998
18330.000 2.005
18340.000 2.019
18350.000 2.030
18360.000 2.029
18370.000 2.030
18380.000 2.050
18390.000 2.053
18400.000 2.077
18410.000 2.103
18420.000 2.084
18430.000 2.112
18440.000 2.110
18450.000 2.140
18460.000 2.155
18470.000 2.177
18480.000 2.197
18490.000 2.193
18500.000 2.243
18510.000 2.255
18520.000 2.288
18530.000 2.316
18540.000 2.334
18550.000 2.368
18560.000 2.382
18570.000 2.403
18580.000 2.439
18590.000 2.479
18600.000 2.503
18610.000 2.548
18620.000 2.573
18630.000 2.622
18640.000 2.673
18650.000 2.716
18660.000 2.776
18670.000 2.825
18680.000 2.875
18690.000 2.915
18700.000 2.995
18710.000 3.086
18720.000 3.115
18730.000 3.201
18740.000 3.291
18750.000 3.373
18760.000 3.432
18770.000 3.566
18780.000 3.724
18790.000 3.784
18800.000 3.973
18810.000 4.046
18820.000 4.274
18830.000 4.505
18840.000 4.617
18850.000 4.906
18860.000 5.034
18870.000 5.382
18880.000 5.773
18890.000 5.956
18900.000 6.351
18910.000 6.604
18920.000 7.014
18930.000 7.471
18940.000 7.713
18950.000 8.271
18960.000 8.554
18970.000 9.200
18980.000 9.928
18990.000 10.575
19000.000 10.901
19010.000 11.163
19020.000 11.620
19030.000 11.838
19040.000 11.860
19050.000 11.672
19060.000 11.500
19070.000 10.998
19080.000 10.384
19090.000 10.067
19100.000 9.372
19110.000 9.067
19120.000 8.434
19130.000 7.860
19140.000 7.593
19150.000 7.083
19160.000 6.844
19170.000 6.409
19180.000 6.032
19190.000 5.852
19200.000 5.530
19210.000 5.395
19220.000 5.107
19230.000 4.842
19240.000 4.730
19250.000 4.545
19260.000 4.432
19270.000 4.240
19280.000 4.083
19290.000 4.008
19300.000 3.864
19310.000 3.793
19320.000 3.666
19330.000 3.532
19340.000 3.486
19350.000 3.395
19360.000 3.323
19370.000 3.243
19380.000 3.156
19390.000 3.157
19400.000 3.031
19410.000 3.015
19420.000 2.948
19430.000 2.902
19440.000 2.852
19450.000 2.785
19460.000 2.776
19470.000 2.703
19480.000 2.632
19490.000 2.603
19500.000 2.540
19510.000 2.511
19520.000 2.453
19530.000 2.402
19540.000 2.363
19550.000 2.300
19560.000 2.296
19570.000 2.248
19580.000 2.241
19590.000 2.219
19600.000 2.196
19610.000 2.199
19620.000 2.162
19630.000 2.143
19640.000 2.152
19650.000 2.140
19660.000 2.121
19670.000 2.104
19680.000 2.116
19690.000 2.104
19700.000 2.102
19710.000 2.091
19720.000 2.107
19730.000 2.103
19740.000 2.097
19750.000 2.096
19760.000 2.090
19770.000 2.088
19780.000 2.098
19790.000 2.092
19800.000 2.092
19810.000 2.106
19820.000 2.116
19830.000 2.121
19840.000 2.124
19850.000 2.137
19860.000 2.144
19870.000 2.145
19880.000 2.150
19890.000 2.157
19900.000 2.182
19910.000 2.183
19920.000 2.201
19930.000 2.237
19940.000 2.228
19950.000 2.264
19960.000 2.258
19970.000 2.293
19980.000 2.325
19990.000 2.347
20000.000 2.377
20010.000 2.395
20020.000 2.428
20030.000 2.466
20040.000 2.480
20050.000 2.507
20060.000 2.575
20070.000 2.624
20080.000 2.598
20090.000 2.625
20100.000 2.839
20110.000 2.923
20120.000 2.914
20130.000 2.938
20140.000 3.023
20150.000 3.064
20160.000 3.100
20170.000 3.180
20180.000 3.242
20190.000 3.360
20200.000 3.483
20210.000 3.541
20220.000 3.663
20230.000 3.747
20240.000 3.882
20250.000 4.028
20260.000 4.120
20270.000 4.290
20280.000 4.382
20290.000 4.537
20300.000 4.689
20310.000 4.765
20320.000 4.893
20330.000 4.946
20340.000 5.018
20350.000 5.041
20360.000 5.025
20370.000 4.963
20380.000 4.932
20390.000 4.772
20400.000 4.566
20410.000 4.441
20420.000 4.218
20430.000 4.082
20440.000 3.825
20450.000 3.566
20460.000 3.446
20470.000 3.182
20480.000 3.079
20490.000 2.850
20500.000 2.616
20510.000 2.538
20520.000 2.355
20530.000 2.244
20540.000 2.076
20550.000 1.925
20560.000 1.846
20570.000 1.702
20580.000 1.643
20590.000 1.503
20600.000 1.383
20610.000 1.321
20620.000 1.206
20630.000 1.157
20640.000 1.067
20650.000 0.963
20660.000 0.898
20670.000 0.811
20680.000 0.776
20690.000 0.705
20700.000 0.609
20710.000 0.572
20720.000 0.513
20730.000 0.468
20740.000 0.389
20750.000 0.344
20760.000 0.316
20770.000 0.285
20780.000 0.290
20790.000 0.289
20800.000 0.347
20810.000 0.376
20820.000 0.458
20830.000 0.498
20840.000 0.593
20850.000 0.666
20860.000 0.740
20870.000 0.850
20880.000 0.909
20890.000 1.036
20900.000 1.166
20910.000 1.245
20920.000 1.394
20930.000 1.465
20940.000 1.651
20950.000 1.846
20960.000 1.965
20970.000 2.164
20980.000 2.284
20990.000 2.516
21000.000 2.743
21010.000 2.869
21020.000 3.089
21030.000 3.203
21040.000 3.416
21050.000 3.553
21060.000 3.582
21070.000 3.658
21080.000 3.678
21090.000 3.649
21100.000 3.607
21110.000 3.523
21120.000 3.404
21130.000 3.333
21140.000 3.186
21150.000 3.109
21160.000 2.931
21170.000 2.768
21180.000 2.706
21190.000 2.565
21200.000 2.478
21210.000 2.344
21220.000 2.247
21230.000 2.200
21240.000 2.104
21250.000 2.053
21260.000 1.976
21270.000 1.892
21280.000 1.863
21290.000 1.795
21300.000 1.744
21310.000 1.669
21320.000 1.571
21330.000 1.539
21340.000 1.471
21350.000 1.422
21360.000 1.372
21370.000 1.322
21380.000 1.279
21390.000 1.236
21400.000 1.213
21410.000 1.171
21420.000 1.136
21430.000 1.126
21440.000 1.083
21450.000 1.063
21460.000 1.047
21470.000 1.009
21480.000 0.986
21490.000 0.933
21500.000 0.904
21510.000 0.866
21520.000 0.838
21530.000 0.824
21540.000 0.792
21550.000 0.787
21560.000 0.744
21570.000 0.736
21580.000 0.725
21590.000 0.708
21600.000 0.710
21610.000 0.707
21620.000 0.687
21630.000 0.680
21640.000 0.647
21650.000 0.629
21660.000 0.596
21670.000 0.567
21680.000 0.560
21690.000 0.536
21700.000 0.526
21710.000 0.517
21720.000 0.505
21730.000 0.487
21740.000 0.480
21750.000 0.493
21760.000 0.487
21770.000 0.503
21780.000 0.505
21790.000 0.500
21800.000 0.466
21810.000 0.442
21820.000 0.425
21830.000 0.405
21840.000 0.381
21850.000 0.377
21860.000 0.359
21870.000 0.354
21880.000 0.358
21890.000 0.358
21900.000 0.364
21910.000 0.378
21920.000 0.395
21930.000 0.416
21940.000 0.442
21950.000 0.422
21960.000 0.379
21970.000 0.347
21980.000 0.335
21990.000 0.298
22000.000 0.296
